1.810	165.00	4.1743E-02	2.4542E-03
1.860	165.00	4.2382E-02	2.4465E-03
2.000	165.00	3.5246E-02	1.7972E-03
2.041	165.00	3.2491E-02	1.9157E-03
2.091	165.00	3.2890E-02	1.9079E-03
2.191	165.00	2.8194E-02	1.6624E-03
2.241	165.00	2.6669E-02	1.5772E-03
2.291	165.00	2.6861E-02	1.5663E-03
2.341	165.00	2.4182E-02	1.4344E-03
2.441	165.00	2.1532E-02	1.2895E-03
2.491	165.00	2.0903E-02	1.2478E-03
2.592	165.00	1.5109E-02	8.6420E-04
2.642	165.00	1.2927E-02	7.6219E-04
2.692	165.00	1.0505E-02	6.5369E-04
2.722	165.00	8.9432E-03	5.8718E-04
2.782	165.00	6.7400E-03	3.8308E-04
2.812	165.00	5.8838E-03	3.4400E-04
2.842	165.00	4.3638E-03	2.7942E-04
2.872	165.00	3.7603E-03	2.5410E-04
2.902	165.00	3.0134E-03	2.2523E-04
2.932	165.00	3.1160E-03	2.2621E-04
2.962	165.00	3.5353E-03	2.3889E-04
2.992	165.00	4.7247E-03	2.8392E-04
3.042	165.00	1.1122E-02	6.3410E-04
3.092	165.00	2.0940E-02	1.2017E-03
3.142	165.00	3.6417E-02	1.9558E-03
3.192	165.00	4.9122E-02	2.6402E-03
3.242	165.00	5.8215E-02	3.1512E-03
3.293	165.00	6.5657E-02	3.5309E-03
3.343	165.00	6.9258E-02	3.7306E-03
3.393	165.00	7.1029E-02	3.8435E-03
3.493	165.00	6.8522E-02	3.6961E-03
3.503	165.00	6.7097E-02	3.6271E-03
3.513	165.00	6.8201E-02	3.6753E-03
3.523	165.00	6.7701E-02	3.6492E-03
3.533	165.00	6.5737E-02	3.5553E-03
3.543	165.00	6.6826E-02	3.6029E-03
3.563	165.00	5.9859E-02	3.2327E-03
3.573	165.00	6.6703E-02	3.5888E-03
3.583	165.00	7.6874E-02	4.1398E-03
3.593	165.00	6.9457E-02	3.7518E-03
3.603	165.00	6.8094E-02	3.6858E-03
3.613	165.00	7.1930E-02	3.8609E-03
3.743	165.00	6.7725E-02	3.6302E-03
3.793	165.00	6.4775E-02	3.4803E-03
3.843	165.00	6.4246E-02	3.4437E-03
3.893	165.00	6.1025E-02	3.2822E-03
3.943	165.00	6.0757E-02	3.2585E-03
3.994	165.00	5.8154E-02	3.1265E-03
4.044	165.00	5.9829E-02	3.2257E-03
4.094	165.00	4.8619E-02	2.6322E-03
4.154	165.00	4.2322E-02	2.2684E-03
4.174	165.00	4.5802E-02	2.6715E-03
4.194	165.00	5.3301E-02	2.8615E-03
4.204	165.00	6.6210E-02	3.5775E-03
4.214	165.00	9.0508E-02	4.7959E-03
4.218	165.00	9.5884E-02	5.0494E-03
4.222	165.00	1.0440E-01	5.7341E-03
4.226	165.00	1.1920E-01	6.4135E-03
4.230	165.00	1.3868E-01	7.6166E-03
4.234	165.00	1.9111E-01	1.0333E-02
4.236	165.00	2.1057E-01	1.1238E-02
4.238	165.00	2.4962E-01	1.3340E-02
4.240	165.00	2.9487E-01	1.6023E-02
4.242	165.00	3.2280E-01	1.7314E-02
4.244	165.00	3.9450E-01	2.1222E-02
4.246	165.00	4.2776E-01	2.3053E-02
4.250	165.00	5.6277E-01	3.0186E-02
4.252	165.00	6.1059E-01	3.2981E-02
4.254	165.00	6.9260E-01	3.7361E-02
4.256	165.00	7.4954E-01	4.0289E-02
4.258	165.00	8.5537E-01	4.5508E-02
4.262	165.00	9.7795E-01	5.4158E-02
4.266	165.00	9.9161E-01	5.4757E-02
4.268	165.00	9.7520E-01	5.4006E-02
4.270	165.00	8.8923E-01	4.7074E-02
4.272	165.00	7.8025E-01	4.1960E-02
4.274	165.00	7.5173E-01	4.0346E-02
4.278	165.00	6.5172E-01	3.5119E-02
4.282	165.00	5.8207E-01	3.1306E-02
4.284	165.00	5.5618E-01	2.9816E-02
4.288	165.00	4.8230E-01	2.6094E-02
4.296	165.00	4.0182E-01	2.1777E-02
4.312	165.00	2.7600E-01	1.4786E-02
4.320	165.00	2.5156E-01	1.3645E-02
4.324	165.00	2.2471E-01	1.2112E-02
4.334	165.00	2.0040E-01	1.0700E-02
4.344	165.00	1.8753E-01	1.0093E-02
4.354	165.00	1.7923E-01	9.7024E-03
4.374	165.00	1.6286E-01	8.6600E-03
4.394	165.00	1.5189E-01	8.1366E-03
4.474	165.00	1.4087E-01	7.5859E-03
4.494	165.00	1.3613E-01	7.3568E-03
4.544	165.00	1.3724E-01	7.3857E-03
4.594	165.00	1.4296E-01	7.6310E-03
4.644	165.00	1.3924E-01	7.4369E-03
4.694	165.00	1.4397E-01	7.6399E-03
4.894	165.00	1.7894E-01	9.6191E-03
4.995	165.00	2.0851E-01	1.1151E-02
5.115	165.00	2.5919E-01	1.4035E-02
5.175	165.00	2.9007E-01	1.5617E-02
5.205	165.00	2.9246E-01	1.5704E-02
5.235	165.00	3.1638E-01	1.6981E-02
5.250	165.00	3.5448E-01	1.9116E-02
5.280	165.00	3.4490E-01	1.8642E-02
5.325	165.00	3.6395E-01	1.9667E-02
5.475	165.00	4.5199E-01	2.4302E-02
5.535	165.00	4.7400E-01	2.5424E-02
5.595	165.00	5.1793E-01	2.7418E-02
5.655	165.00	5.3345E-01	2.8092E-02
5.685	165.00	5.3656E-01	2.8211E-02
5.700	165.00	5.2072E-01	2.7444E-02
5.715	165.00	5.2231E-01	2.7505E-02
5.730	165.00	5.1528E-01	2.7158E-02
5.745	165.00	5.0405E-01	2.6611E-02
5.768	165.00	4.4071E-01	2.3609E-02
5.777	165.00	3.8696E-01	2.0788E-02
5.780	165.00	3.5364E-01	1.9082E-02
5.789	165.00	2.9869E-01	1.6054E-02
5.792	165.00	2.8662E-01	1.5192E-02
5.795	165.00	2.5693E-01	1.3799E-02
5.798	165.00	2.4576E-01	1.2984E-02
5.801	165.00	2.1660E-01	1.1612E-02
5.804	165.00	2.0173E-01	1.0767E-02
5.807	165.00	1.7894E-01	9.7062E-03
5.810	165.00	1.8419E-01	9.6623E-03
5.813	165.00	1.4519E-01	7.6792E-03
5.816	165.00	1.2837E-01	6.8886E-03
5.819	165.00	1.2324E-01	6.6494E-03
5.822	165.00	1.1106E-01	5.9294E-03
5.824	165.00	1.0932E-01	5.8476E-03
5.828	165.00	1.0336E-01	5.5689E-03
5.831	165.00	1.0325E-01	5.5632E-03
5.834	165.00	1.0107E-01	5.4615E-03
5.837	165.00	1.0304E-01	5.5518E-03
5.840	165.00	1.0252E-01	5.5269E-03
5.852	165.00	1.1898E-01	6.4413E-03
5.864	165.00	1.4227E-01	7.6707E-03
5.894	165.00	1.8750E-01	1.0061E-02
5.906	165.00	1.9967E-01	1.0771E-02
5.912	165.00	2.0047E-01	1.0805E-02
5.918	165.00	2.1416E-01	1.1587E-02
5.930	165.00	2.1409E-01	1.1578E-02
5.936	165.00	2.2366E-01	1.2018E-02
5.942	165.00	2.2321E-01	1.1994E-02
5.948	165.00	2.3033E-01	1.2470E-02
5.960	165.00	2.2425E-01	1.2032E-02
5.970	165.00	2.3497E-01	1.2671E-02
5.985	165.00	2.4009E-01	1.2900E-02
6.000	165.00	2.3654E-01	1.2727E-02
6.015	165.00	2.4004E-01	1.2881E-02
6.075	165.00	2.2921E-01	1.2343E-02
6.195	165.00	2.1454E-01	1.1597E-02
6.255	165.00	1.9711E-01	1.0623E-02
6.315	165.00	1.9550E-01	1.0520E-02
6.375	165.00	1.7762E-01	9.5343E-03
6.495	165.00	1.6075E-01	8.7048E-03
6.735	165.00	1.4826E-01	8.0381E-03
6.790	165.00	1.5076E-01	8.1346E-03
6.850	165.00	1.6015E-01	9.3396E-03
6.890	165.00	1.6245E-01	8.7549E-03
6.910	165.00	1.7509E-01	9.4445E-03
6.920	165.00	1.7164E-01	9.2810E-03
6.970	165.00	1.9908E-01	1.1672E-02
7.001	165.00	2.0739E-01	1.2148E-02
7.007	165.00	2.0359E-01	1.1831E-02
7.013	165.00	1.9521E-01	1.1320E-02
7.025	165.00	1.9026E-01	1.1097E-02
7.031	165.00	1.8252E-01	1.0614E-02
7.037	165.00	1.8392E-01	1.0669E-02
7.043	165.00	1.6286E-01	9.4686E-03
7.055	165.00	1.4163E-01	8.2583E-03
7.061	165.00	1.3460E-01	7.8081E-03
7.067	165.00	1.1348E-01	6.6084E-03
7.073	165.00	1.1132E-01	6.0051E-03
7.079	165.00	1.0663E-01	5.7870E-03
7.085	165.00	9.3246E-02	5.3035E-03
7.091	165.00	8.5518E-02	4.9650E-03
7.097	165.00	8.1455E-02	4.6478E-03
7.103	165.00	7.4331E-02	4.1999E-03
7.109	165.00	6.9463E-02	3.9845E-03
7.115	165.00	6.6561E-02	3.8570E-03
7.130	165.00	6.3785E-02	3.7336E-03
7.145	165.00	5.9099E-02	3.3878E-03
7.175	165.00	5.6689E-02	3.2763E-03
7.190	165.00	6.0544E-02	3.5789E-03
7.220	165.00	6.1664E-02	3.6181E-03
7.370	165.00	7.6830E-02	4.4960E-03
7.490	165.00	8.8210E-02	5.2052E-03
7.610	165.00	1.0590E-01	6.1687E-03
7.700	165.00	1.2389E-01	7.2695E-03
7.730	165.00	1.2552E-01	7.3241E-03
7.760	165.00	1.3158E-01	7.6892E-03
7.775	165.00	1.2781E-01	7.4001E-03
7.790	165.00	1.2662E-01	7.3415E-03
7.820	165.00	1.1620E-01	6.7611E-03
7.835	165.00	1.0266E-01	5.9382E-03
7.880	165.00	7.2429E-02	4.2743E-03
7.910	165.00	4.3714E-02	2.5701E-03
7.940	165.00	2.0462E-02	1.2235E-03
7.970	165.00	1.4804E-02	9.9562E-04
8.000	165.00	1.8769E-02	1.1478E-03
8.031	165.00	2.1641E-02	1.2652E-03
8.061	165.00	2.1219E-02	1.2447E-03
8.091	165.00	1.8586E-02	1.1318E-03
8.121	165.00	9.5343E-03	5.5180E-04
8.151	165.00	1.8971E-02	1.1082E-03
8.181	165.00	3.1176E-02	1.7720E-03
8.211	165.00	3.2203E-02	1.9199E-03
8.301	165.00	2.9258E-02	1.7851E-03
8.331	165.00	3.1485E-02	1.8735E-03
8.361	165.00	3.0453E-02	1.8263E-03
8.391	165.00	3.1638E-02	1.8721E-03
8.421	165.00	3.0418E-02	1.8170E-03
8.481	165.00	3.2538E-02	1.8993E-03
8.511	165.00	3.1725E-02	1.8610E-03
8.571	165.00	3.1666E-02	1.8514E-03
8.601	165.00	3.2589E-02	1.8876E-03
8.631	165.00	3.2741E-02	1.8909E-03
8.661	165.00	3.1575E-02	1.8373E-03
8.721	165.00	3.2069E-02	1.8521E-03
8.751	165.00	3.0193E-02	1.7681E-03
8.781	165.00	2.9987E-02	1.7561E-03
8.811	165.00	2.3972E-02	1.4015E-03
8.841	165.00	1.1742E-02	6.8908E-04
8.871	165.00	6.2883E-03	3.6188E-04
8.901	165.00	3.4878E-03	2.0448E-04
8.916	165.00	8.2291E-03	4.8056E-04
8.931	165.00	3.5351E-02	2.0613E-03
8.961	165.00	1.0745E-01	6.2331E-03
8.974	165.00	1.2500E-01	7.2509E-03
8.992	165.00	1.3043E-01	7.5658E-03
9.016	165.00	1.2713E-01	7.4138E-03
9.028	165.00	1.2818E-01	7.4535E-03
9.040	165.00	1.2025E-01	7.0195E-03
9.044	165.00	1.2738E-01	7.4123E-03
9.046	165.00	1.1974E-01	6.9954E-03
9.052	165.00	1.2113E-01	7.0525E-03
