31 87
31 93
31 141
31 151
31 184
31 212
31 230
31 257
31 340
31 358
31 364
31 401
31 405
31 469
31 471
31 525
31 584
31 613
31 683
31 684
31 697
31 712
31 729
31 753
31 885
31 934
31 953
31 1003
31 1040
31 1057
31 1105
31 1148
31 1187
31 1239
31 1253
31 1295
31 1301
31 1348
31 1373
31 1374
31 1426
31 1476
31 1506
31 1532
31 1540
31 1551
31 1553
31 1676
31 1884
31 1994
31 2156
31 2181
31 2219
31 2239
31 2304
31 2330
31 2332
31 2405
31 2419
31 2450
31 2470
31 2510
31 2576
31 2582
31 2690
31 2710
31 2771
31 2773
31 2887
31 2912
31 2920
31 2979
31 3030
31 3059
31 3174
31 3176
31 3190
31 3219
31 3251
31 3288
31 3309
31 3351
31 3356
31 3359
31 3399
31 3400
31 3424
31 3531
31 3642
31 3675
31 3692
31 3894
31 3898
31 3911
31 3930
31 4044
31 4136
31 4137
31 4146
31 4152
31 4206
31 4302
31 4393
31 4595
31 4610
31 4643
31 4679
31 4724
31 4813
31 4817
31 4856
31 4886
31 4922
31 4925
31 4948
31 4957
31 4979
31 4990
31 4991
31 5165
31 5167
31 5190
31 5209
31 5313
31 5360
31 5362
31 5447
31 5514
31 5540
31 5561
31 5593
31 5700
31 5714
31 5733
31 5743
31 5767
31 5775
31 5876
31 5946
31 5963
31 6093
31 6101
31 6132
31 6137
31 6149
31 6185
31 6222
31 6238
31 6261
31 6329
31 6351
31 6352
31 6392
31 6419
31 6431
31 6432
31 6446
31 6468
31 6567
31 6582
31 6585
31 6608
31 6706
31 6717
31 6758
31 6812
31 6832
31 6871
31 6886
31 6894
31 6946
31 7029
31 7037
31 7197
31 7243
31 7305
31 7349
31 7369
31 7387
31 7398
31 7446
31 7543
31 7559
31 7640
31 7793
31 7803
31 7813
31 7839
31 7880
31 8059
31 8063
31 8167
31 8239
31 8319
31 8351
31 8398
31 8401
31 8468
31 8480
31 8511
31 8525
31 8550
31 8564
31 8624
31 8696
31 8725
31 8754
31 8761
31 8786
31 8943
31 8990
31 9020
31 9102
31 9128
31 9176
31 9199
31 9221
31 9286
31 9394
31 9451
31 9467
31 9475
31 9480
31 9503
31 9518
31 9542
31 9674
31 9679
31 9705
31 9718
31 9907
31 9937
31 9968
31 9975
31 10000
31 10047
31 10118
31 10213
31 10229
31 10281
31 10403
31 10430
31 10521
31 10537
31 10557
31 10577
31 10612
31 10683
31 10807
31 10824
31 10832
31 10890
31 10894
31 10944
31 10952
31 11103
31 11114
31 11162
31 11369
31 11378
31 11477
31 11546
31 11589
31 11610
31 11672
31 11723
31 11725
31 11758
31 11765
31 11769
31 11801
31 11852
31 11925
31 11960
31 12037
31 12038
31 12040
31 12094
31 12353
31 12418
31 12476
31 12505
31 12594
31 12599
31 12616
31 12691
31 12755
31 12861
31 12875
31 12890
31 12900
31 12939
31 12992
31 12994
31 13030
31 13041
31 13045
31 13266
31 13290
31 13318
31 13327
31 13476
31 13516
31 13557
31 13560
31 13696
31 13793
31 13840
31 13876
31 13902
31 13916
31 13934
31 13960
31 14061
31 14076
31 14192
31 14275
31 14277
31 14303
31 14348
31 14377
31 14401
31 14440
31 14445
31 14446
31 14464
31 14537
31 14554
31 14667
31 14679
31 14691
31 14805
31 14847
31 14990
31 14997
31 15057
31 15094
31 15129
31 15249
31 15256
31 15272
31 15311
31 15342
31 15433
31 15461
31 15498
31 15632
31 15682
31 15689
31 15716
31 15730
31 15922
31 15930
31 16001
31 16064
31 16215
31 16218
31 16221
31 16314
31 16372
31 16381
31 16382
31 16398
31 16430
31 16451
31 16459
31 16589
31 16721
31 16724
31 16801
31 16830
31 16837
31 16861
31 16904
31 16932
31 17041
31 17079
31 17090
31 17125
31 17161
31 17172
31 17179
31 17389
31 17465
31 17472
31 17569
31 17605
31 17610
31 17617
31 17622
31 17636
31 17705
31 17754
31 17851
31 17922
31 17981
31 17997
31 18045
31 18051
31 18054
31 18095
31 18097
31 18098
31 18152
31 18171
31 18224
31 18290
31 18358
31 18360
31 18400
31 18402
31 18421
31 18478
31 18487
31 18493
31 18494
31 18545
31 18631
31 18691
31 18760
31 18820
31 18846
31 18966
31 19012
31 19047
31 19148
31 19159
31 19196
31 19231
31 19262
31 19312
31 19390
31 19480
31 19486
31 19592
31 19599
31 19620
31 19645
31 19675
31 19840
31 19905
31 19911
31 19938
31 19974
31 19975
31 19985
31 20019
31 20047
31 20094
31 20117
31 20157
31 20166
31 20184
31 20234
31 20356
31 20383
31 20432
31 20436
31 20457
31 20522
31 20567
31 20588
31 20629
31 20721
31 20724
31 20741
31 20754
31 20755
31 20799
31 20838
31 20841
31 20952
31 20993
31 21001
31 21021
31 21025
31 21041
31 21046
31 21154
31 21245
31 21372
31 21432
31 21494
31 21609
31 21619
31 21622
31 21759
31 21845
31 21899
31 21911
31 21972
31 21977
31 21997
31 22125
31 22139
31 22158
31 22171
31 22220
31 22343
31 22445
31 22558
31 22604
31 22610
31 22614
31 22772
31 22798
31 22866
31 22880
31 22974
31 22990
31 23036
31 23081
31 23084
31 23108
31 23162
31 23215
31 23294
31 23442
31 23443
31 23506
31 23560
31 23599
31 23651
31 23661
31 23733
31 23746
31 23766
31 23890
31 23939
31 23993
31 24001
31 24010
31 24028
31 24092
31 24119
31 24121
31 24411
31 24425
31 24437
31 24571
31 24599
31 24610
31 24652
31 24660
31 24669
31 24892
31 24943
31 25178
31 25259
31 25298
31 25338
31 25344
31 25353
31 25354
31 25410
31 25420
31 25475
31 25504
31 25635
31 25645
31 25751
31 25809
31 25862
31 25986
31 26023
31 26033
31 26048
31 26085
31 26135
31 26137
31 26303
31 26328
31 26335
31 26511
31 26522
31 26609
32 6
32 54
32 265
32 287
32 354
32 424
32 468
32 488
32 571
32 577
32 600
32 630
32 659
32 876
32 890
32 909
32 942
32 960
32 1065
32 1074
32 1092
32 1118
32 1121
32 1367
32 1376
32 1445
32 1464
32 1545
32 1547
32 1593
32 1595
32 1609
32 1615
32 1629
32 1641
32 1643
32 1667
32 1741
32 1813
32 1828
32 1856
32 1863
32 1925
32 1932
32 1947
32 1952
32 1998
32 2028
32 2037
32 2099
32 2144
32 2156
32 2158
32 2171
32 2176
32 2190
32 2243
32 2266
32 2457
32 2486
32 2506
32 2536
32 2545
32 2611
32 2639
32 2642
32 2655
32 2662
32 2889
32 2953
32 2968
32 3054
32 3057
32 3074
32 3105
32 3233
32 3241
32 3271
32 3281
32 3348
32 3396
32 3419
32 3429
32 3475
32 3500
32 3555
32 3712
32 3720
32 3737
32 3769
32 3781
32 3785
32 3787
32 3795
32 3853
32 3881
32 3937
32 4041
32 4107
32 4120
32 4135
32 4140
32 4155
32 4156
32 4319
32 4323
32 4353
32 4384
32 4395
32 4464
32 4467
32 4510
32 4637
32 4681
32 4702
32 4734
32 4758
32 4769
32 4772
32 4816
32 4881
32 4956
32 4990
32 5038
32 5223
32 5267
32 5325
32 5339
32 5364
32 5410
32 5470
32 5472
32 5531
32 5555
32 5570
32 5703
32 5825
32 5874
32 6050
32 6055
32 6170
32 6179
32 6239
32 6248
32 6371
32 6375
32 6376
32 6451
32 6543
32 6676
32 6679
32 6700
32 6706
32 6758
32 6771
32 6837
32 6844
32 6846
32 6849
32 6892
32 6900
32 6949
32 7085
32 7136
32 7231
32 7235
32 7258
32 7310
32 7312
32 7474
32 7523
32 7551
32 7626
32 7829
32 8020
32 8037
32 8049
32 8055
32 8103
32 8105
32 8107
32 8137
32 8185
32 8206
32 8212
32 8316
32 8354
32 8409
32 8473
32 8483
32 8503
32 8545
32 8658
32 8691
32 8709
32 8762
32 8878
32 8917
32 8953
32 8954
32 9018
32 9047
32 9068
32 9071
32 9072
32 9131
32 9163
32 9190
32 9222
32 9315
32 9327
32 9346
32 9415
32 9464
32 9560
32 9563
32 9580
32 9719
32 9918
32 10075
32 10100
32 10134
32 10174
32 10175
32 10197
32 10240
32 10261
32 10278
32 10391
32 10473
32 10516
32 10558
32 10695
32 10762
32 10773
32 10782
32 10793
32 10901
32 10943
32 10995
32 11016
32 11019
32 11021
32 11106
32 11212
32 11221
32 11225
32 11273
32 11288
32 11344
32 11352
32 11391
32 11394
32 11763
32 11801
32 11828
32 11862
32 11874
32 11881
32 11948
32 11957
32 12072
32 12079
32 12141
32 12151
32 12167
32 12207
32 12245
32 12319
32 12332
32 12410
32 12416
32 12419
32 12468
32 12500
32 12534
32 12554
32 12615
32 12684
32 12746
32 12808
32 12918
32 12929
32 12965
32 13008
32 13029
32 13093
32 13112
32 13132
32 13299
32 13300
32 13306
32 13313
32 13351
32 13436
32 13473
32 13507
32 13526
32 13580
32 13647
32 13666
32 13676
32 13680
32 13704
32 13707
32 13885
32 13896
32 13898
32 13932
32 13945
32 13976
32 14039
32 14055
32 14058
32 14083
32 14103
32 14106
32 14153
32 14219
32 14228
32 14245
32 14249
33 10
33 41
33 65
33 68
33 107
33 155
33 190
33 244
33 264
33 283
33 341
33 414
33 543
33 579
33 590
33 609
33 685
33 687
33 699
33 711
33 794
33 852
33 855
33 859
33 917
33 937
33 979
33 1031
33 1103
33 1129
33 1288
33 1309
33 1317
33 1320
33 1459
33 1580
33 1587
33 1686
33 1734
33 1748
33 1769
33 1858
33 1864
33 1868
33 1881
33 1912
33 1966
33 1985
33 1989
33 2024
33 2053
33 2245
33 2276
33 2327
33 2328
33 2381
33 2391
33 2473
33 2495
33 2540
33 2568
33 2590
33 2623
33 2679
33 2696
33 2711
33 2719
33 2749
33 2847
33 2861
33 2880
33 2882
33 2896
33 2978
33 3093
33 3118
33 3154
33 3175
33 3255
33 3337
33 3357
33 3392
33 3416
33 3489
33 3521
33 3533
33 3629
33 3631
33 3657
33 3730
33 3851
33 3969
33 4014
33 4091
33 4141
33 4281
33 4358
33 4400
33 4473
33 4474
33 4509
33 4532
33 4586
33 4597
33 4663
33 4746
33 4787
33 4886
33 4902
33 4927
33 5025
33 5035
33 5039
33 5055
33 5062
33 5066
33 5118
33 5147
33 5169
33 5185
33 5215
33 5235
33 5249
33 5298
33 5332
33 5353
33 5358
33 5359
33 5380
33 5444
33 5459
33 5555
33 5583
33 5682
33 5701
33 5727
33 5851
33 5913
33 5922
33 5943
33 5958
33 6077
33 6082
33 6091
33 6122
33 6145
33 6180
33 6298
33 6403
33 6467
33 6527
33 6582
33 6594
33 6613
33 6616
33 6629
33 6688
33 6706
33 6714
33 6735
33 6798
33 6850
33 6889
33 6899
33 6948
33 6976
33 7031
33 7041
33 7148
33 7158
33 7167
33 7218
33 7220
33 7370
33 7413
33 7422
33 7438
33 7469
33 7518
33 7523
33 7651
33 7693
33 7793
33 7802
33 7814
33 7845
33 7903
33 8036
33 8081
33 8146
33 8163
33 8232
33 8273
33 8283
33 8286
33 8384
33 8396
33 8562
33 8572
33 8604
33 8630
33 8639
33 8659
33 8746
33 8767
33 8787
33 8799
33 8805
33 8864
33 8878
33 8905
33 8910
33 8929
33 8968
33 8970
33 9026
33 9067
33 9136
33 9186
33 9189
33 9202
33 9213
33 9215
33 9267
33 9321
33 9380
33 9475
33 9608
33 9626
33 9660
33 9674
33 9737
33 9740
33 9789
33 9811
33 9812
33 9865
33 9941
33 9992
33 10012
33 10042
33 10270
33 10336
33 10428
33 10490
33 10523
33 10567
33 10575
33 10623
33 10641
33 10742
33 10919
33 10938
33 10958
33 10962
33 11020
33 11056
33 11121
33 11143
33 11308
33 11429
33 11454
33 11473
33 11544
33 11625
33 11710
33 11730
33 11854
33 11971
33 12023
33 12124
33 12129
33 12164
33 12174
33 12198
33 12201
33 12230
33 12247
33 12415
33 12504
33 12531
33 12584
33 12604
33 12610
33 12703
33 12733
33 12750
33 12791
33 12794
33 12812
33 12842
33 12951
33 13137
33 13145
33 13318
33 13374
33 13473
33 13530
33 13683
33 13988
33 14050
33 14060
33 14307
33 14481
33 14554
33 14623
33 14658
33 14688
33 14742
33 14781
33 14814
33 14997
33 15049
33 15050
33 15052
33 15099
33 15252
33 15296
33 15301
33 15309
33 15312
33 15336
33 15416
33 15424
33 15471
33 15486
33 15512
33 15517
33 15536
33 15590
33 15627
33 15667
33 15668
33 15691
33 15822
33 15866
33 15969
33 16003
33 16027
33 16119
33 16153
33 16185
33 16246
33 16248
33 16250
33 16275
33 16285
33 16304
33 16319
33 16446
33 16453
33 16582
33 16584
33 16590
33 16609
33 16619
33 16724
33 16906
33 17125
33 17152
33 17188
33 17248
33 17259
33 17263
33 17287
33 17291
33 17306
33 17376
33 17387
33 17414
33 17470
33 17495
33 17617
33 17832
33 17856
33 17863
33 17874
33 17885
33 17992
33 18062
33 18166
33 18191
33 18355
33 18376
33 18389
33 18459
33 18558
33 18562
33 18621
33 18622
33 18628
33 18653
33 18670
33 18675
33 18784
33 18787
33 18791
33 18896
33 18937
33 19004
33 19024
33 19151
33 19184
33 19213
33 19226
33 19284
33 19322
33 19340
33 19409
33 19450
33 19499
33 19529
33 19553
33 19555
33 19606
33 19711
33 19743
33 19848
33 19851
33 19872
33 19891
33 19955
33 19968
33 20104
33 20107
33 20316
33 20385
33 20394
33 20415
33 20514
33 20557
33 20722
33 20825
33 20898
33 20941
33 20951
33 20963
33 20973
33 21008
33 21062
33 21142
33 21175
33 21182
33 21206
33 21275
33 21294
33 21379
33 21422
33 21432
33 21435
33 21442
33 21533
33 21666
33 21720
33 21923
33 22046
33 22065
33 22115
33 22147
33 22254
33 22263
33 22282
33 22287
33 22300
33 22335
33 22372
33 22419
33 22436
33 22441
33 22544
33 22581
33 22603
33 22605
33 22695
33 22704
33 22713
33 22740
33 22741
33 22749
33 22777
33 22831
33 22838
33 22857
33 23098
33 23143
33 23226
33 23267
33 23270
33 23287
33 23335
33 23503
33 23595
33 23626
33 23629
33 23641
33 23905
33 23924
33 24098
33 24100
33 24119
33 24157
33 24180
33 24201
33 24231
33 24238
33 24276
33 24277
33 24342
33 24361
33 24445
33 24514
33 24550
33 24573
33 24577
33 24662
33 24671
33 24727
33 24850
33 24952
33 24961
33 24985
33 25089
33 25118
33 25155
33 25192
33 25242
33 25350
33 25529
33 25602
33 25677
33 25709
33 25728
33 25734
33 25808
33 25819
33 25962
33 26039
33 26116
33 26171
33 26219
33 26278
33 26324
33 26429
33 26449
33 26492
33 26632
33 26692
33 26764
33 26849
33 26895
33 26898
33 27098
33 27163
33 27164
33 27204
33 27309
33 27378
33 27417
33 27425
33 27509
33 27677
33 27743
33 27744
33 27897
33 27907
33 28115
33 28388
33 28866
33 29005
33 29027
33 29103
33 29457
33 29517
33 29553
33 29732
33 29738
33 29770
33 29779
33 29827
33 29899
33 29941
33 29945
33 29987
33 30011
33 30259
33 30294
33 30322
33 30422
33 30558
33 30667
33 30749
33 30762
33 30774
33 30837
33 30870
33 30908
33 30944
33 30961
33 31076
33 31137
33 31218
33 31257
33 31277
33 31353
33 31386
33 31397
33 31471
33 31498
33 31530
33 31548
33 31579
33 31598
33 31661
33 31670
33 31677
33 31764
33 31819
33 31992
33 32056
33 32105
33 32132
33 32155
33 32181
33 32269
33 32280
33 32357
33 32365
33 32419
33 32440
33 32476
33 32516
33 32521
33 32568
33 32572
33 32584
33 32625
33 32671
33 32697
33 32723
33 32782
33 32805
33 32842
33 32904
33 32932
33 32934
33 32935
33 32977
33 32997
33 33042
33 33115
33 33123
33 33212
33 33240
33 33250
33 33304
33 33317
33 33334
33 33471
33 33556
33 33612
33 33838
33 33896
33 33984
33 33987
33 34034
33 34092
33 34140
33 34188
33 34235
33 34247
33 34315
33 34319
33 34335
33 34340
33 34407
33 34419
33 34451
33 34460
33 34569
33 34685
33 34705
33 34716
33 34722
33 34739
33 34755
33 34757
33 34842
33 35013
33 35082
33 35257
33 35355
33 35360
33 35362
33 35363
33 35367
33 35369
33 35404
33 35637
33 35646
33 35690
33 35715
33 35756
33 35765
33 35807
33 35824
33 35844
33 35846
33 35855
33 35864
33 35906
33 36033
33 36057
33 36074
33 36118
33 36167
33 36188
33 36210
33 36225
33 36242
33 36255
33 36287
33 36315
33 36330
33 36394
33 36443
33 36558
33 36568
33 36602
33 36660
33 36664
33 36726
33 36780
33 36820
33 36854
33 36869
33 36889
33 37006
33 37039
33 37223
33 37224
33 37241
33 37267
33 37279
33 37296
33 37387
33 37425
33 37438
33 37443
33 37510
33 37511
33 37530
33 37565
33 37609
33 37631
33 37643
33 37667
33 37686
33 37786
33 37868
33 37904
33 38153
33 38222
33 38266
33 38270
33 38283
33 38386
33 38448
33 38455
33 38520
33 38537
33 38570
33 38650
33 38705
33 38735
33 38739
33 38748
33 38762
33 38843
33 38866
33 38915
33 38925
33 38942
33 38954
33 38965
33 39003
33 39059
33 39093
33 39182
33 39217
33 39231
33 39259
33 39342
33 39421
33 39428
33 39542
33 39554
33 39564
33 39612
33 39614
33 39618
33 39624
33 39660
33 39671
33 39681
33 39873
33 39969
33 40046
33 40065
33 40182
33 40248
33 40256
33 40296
33 40356
33 40367
33 40371
33 40440
33 40455
33 40460
33 40549
33 40574
33 40608
33 40767
33 40829
33 40866
33 40901
33 40905
