0.437000   85.600000   1.170900   0.093672 
0.438000   85.600000   1.120000   0.089600 
0.457000   85.600000   1.079200   0.086336 
0.472000   85.600000   0.972300   0.077784 
0.484000   85.600000   0.885800   0.070864 
0.500000   85.600000   0.778900   0.062312 
0.508000   85.600000   0.728000   0.058240 
0.511000   85.600000   0.692300   0.055384 
0.515000   85.600000   0.641400   0.051312 
0.523000   85.600000   0.560000   0.044800 
0.524000   85.600000   0.493800   0.039504 
0.527000   85.600000   0.427600   0.034208 
0.531000   85.600000   0.336000   0.026880 
0.539000   85.600000   0.305400   0.024432 
0.547000   85.600000   0.336000   0.026880 
0.548000   85.600000   0.478500   0.038280 
0.551000   85.600000   0.621100   0.049688 
0.562000   85.600000   0.743200   0.059456 
0.566000   85.600000   0.794200   0.063536 
0.567000   85.600000   0.829800   0.066384 
0.574000   85.600000   0.865400   0.069232 
0.586000   85.600000   0.885800   0.070864 
0.587000   85.600000   0.860300   0.068824 
0.594000   85.600000   0.840000   0.067200 
0.605000   85.600000   0.819600   0.065568 
0.613000   85.600000   0.784000   0.062720 
0.629000   85.600000   0.758500   0.060680 
0.637000   85.600000   0.738200   0.059056 
0.645000   85.600000   0.702500   0.056200 
0.656000   85.600000   0.682200   0.054576 
0.664000   85.600000   0.661800   0.052944 
0.672000   85.600000   0.646500   0.051720 
0.695000   85.600000   0.626200   0.050096 
0.697000   85.600000   0.600700   0.048056 
0.711000   85.600000   0.585400   0.046832 
0.735000   85.600000   0.544700   0.043576 
0.750000   85.600000   0.524300   0.041944 
0.770000   85.600000   0.493800   0.039504 
0.793000   85.600000   0.473400   0.037872 
0.817000   85.600000   0.448000   0.035840 
0.836000   85.600000   0.422500   0.033800 
0.856000   85.600000   0.407300   0.032584 
0.876000   85.600000   0.397100   0.031768 
0.895000   85.600000   0.371600   0.029728 
0.927000   85.600000   0.346200   0.027696 
0.938000   85.600000   0.341100   0.027288 
0.958000   85.600000   0.330900   0.026472 
0.977000   85.600000   0.320700   0.025656 
0.993000   85.600000   0.300400   0.024032 
1.013000   85.600000   0.300400   0.024032 
1.036000   85.600000   0.290200   0.023216 
1.060000   85.600000   0.280000   0.022400 
1.075000   85.600000   0.254500   0.020360 
1.095000   85.600000   0.244400   0.019552 
1.114000   85.600000   0.249400   0.019952 
1.130000   85.600000   0.234200   0.018736 
1.142000   85.600000   0.244400   0.019552 
1.146000   85.600000   0.254500   0.020360 
1.154000   85.600000   0.239300   0.019144 
1.165000   85.600000   0.218900   0.017512 
1.177000   85.600000   0.218900   0.017512 
1.197000   85.600000   0.208700   0.016696 
1.212000   85.600000   0.198500   0.015880 
1.232000   85.600000   0.198500   0.015880 
1.255000   85.600000   0.198500   0.015880 
1.279000   85.600000   0.188400   0.015072 
1.298000   85.600000   0.188400   0.015072 
1.318000   85.600000   0.188400   0.015072 
1.334000   85.600000   0.188400   0.015072 
1.353000   85.600000   0.188400   0.015072 
1.373000   85.600000   0.193400   0.015472 
1.396000   85.600000   0.188400   0.015072 
1.412000   85.600000   0.173100   0.013848 
1.436000   85.600000   0.142500   0.011400 
1.443000   85.600000   0.122200   0.009776 
1.455000   85.600000   0.081500   0.006520 
1.463000   85.600000   0.162900   0.013032 
1.467000   85.600000   0.122200   0.009776 
1.479000   85.600000   0.208700   0.016696 
1.483000   85.600000   0.224000   0.017920 
1.494000   85.600000   0.213800   0.017104 
1.518000   85.600000   0.208700   0.016696 
1.537000   85.600000   0.224000   0.017920 
1.538000   85.600000   0.249400   0.019952 
1.537000   85.600000   0.269800   0.021584 
1.545000   85.600000   0.274900   0.021992 
1.553000   85.600000   0.259600   0.020768 
1.554000   85.600000   0.229100   0.018328 
1.557000   85.600000   0.203600   0.016288 
1.569000   85.600000   0.198500   0.015880 
1.577000   85.600000   0.198500   0.015880 
1.592000   85.600000   0.188400   0.015072 
0.418000   116.000000   0.542100   0.043368 
0.442000   116.000000   0.449400   0.035952 
0.477000   116.000000   0.347500   0.027800 
0.489000   116.000000   0.319700   0.025576 
0.493000   116.000000   0.254800   0.020384 
0.509000   116.000000   0.245600   0.019648 
0.521000   116.000000   0.180700   0.014456 
0.522000   116.000000   0.152900   0.012232 
0.528000   116.000000   0.129700   0.010376 
0.536000   116.000000   0.148300   0.011864 
0.540000   116.000000   0.199200   0.015936 
0.548000   116.000000   0.287300   0.022984 
0.548000   116.000000   0.412400   0.032992 
0.548000   116.000000   0.546700   0.043736 
0.560000   116.000000   0.607000   0.048560 
0.564000   116.000000   0.644000   0.051520 
0.572000   116.000000   0.620900   0.049672 
0.580000   116.000000   0.588400   0.047072 
0.584000   116.000000   0.556000   0.044480 
0.588000   116.000000   0.528200   0.042256 
0.599000   116.000000   0.495800   0.039664 
0.611000   116.000000   0.463300   0.037064 
0.619000   116.000000   0.440200   0.035216 
0.627000   116.000000   0.407700   0.032616 
0.639000   116.000000   0.398500   0.031880 
0.647000   116.000000   0.370700   0.029656 
0.662000   116.000000   0.361400   0.028912 
0.674000   116.000000   0.333600   0.026688 
0.686000   116.000000   0.333600   0.026688 
0.698000   116.000000   0.310400   0.024832 
0.718000   116.000000   0.291900   0.023352 
0.741000   116.000000   0.278000   0.022240 
0.765000   116.000000   0.259500   0.020760 
0.785000   116.000000   0.254800   0.020384 
0.800000   116.000000   0.236300   0.018904 
0.824000   116.000000   0.222400   0.017792 
0.840000   116.000000   0.217800   0.017424 
0.859000   116.000000   0.213100   0.017048 
0.879000   116.000000   0.194600   0.015568 
0.903000   116.000000   0.194600   0.015568 
0.922000   116.000000   0.190000   0.015200 
0.950000   116.000000   0.176100   0.014088 
0.962000   116.000000   0.180700   0.014456 
0.985000   116.000000   0.162200   0.012976 
1.025000   116.000000   0.143600   0.011488 
1.041000   116.000000   0.143600   0.011488 
1.060000   116.000000   0.134400   0.010752 
1.080000   116.000000   0.139000   0.011120 
1.104000   116.000000   0.125100   0.010008 
1.119000   116.000000   0.129700   0.010376 
1.131000   116.000000   0.125100   0.010008 
1.147000   116.000000   0.120500   0.009640 
1.159000   116.000000   0.120500   0.009640 
1.167000   116.000000   0.120500   0.009640 
1.186000   116.000000   0.125100   0.010008 
1.206000   116.000000   0.129700   0.010376 
1.226000   116.000000   0.115800   0.009264 
1.245000   116.000000   0.125100   0.010008 
1.265000   116.000000   0.120500   0.009640 
1.289000   116.000000   0.125100   0.010008 
1.305000   116.000000   0.129700   0.010376 
1.320000   116.000000   0.125100   0.010008 
1.348000   116.000000   0.129700   0.010376 
1.360000   116.000000   0.125100   0.010008 
1.383000   116.000000   0.129700   0.010376 
1.399000   116.000000   0.125100   0.010008 
1.419000   116.000000   0.120500   0.009640 
1.435000   116.000000   0.125100   0.010008 
1.438000   116.000000   0.152900   0.012232 
1.446000   116.000000   0.180700   0.014456 
1.454000   116.000000   0.231700   0.018536 
1.462000   116.000000   0.268700   0.021496 
1.463000   116.000000   0.240900   0.019272 
1.466000   116.000000   0.203900   0.016312 
1.474000   116.000000   0.180700   0.014456 
1.478000   116.000000   0.157500   0.012600 
1.486000   116.000000   0.152900   0.012232 
1.502000   116.000000   0.134400   0.010752 
1.509000   116.000000   0.129700   0.010376 
1.521000   116.000000   0.152900   0.012232 
1.533000   116.000000   0.157500   0.012600 
1.534000   116.000000   0.134400   0.010752 
1.545000   116.000000   0.120500   0.009640 
1.557000   116.000000   0.125100   0.010008 
1.572000   116.000000   0.125100   0.010008 
1.576000   116.000000   0.125100   0.010008 
1.588000   116.000000   0.115800   0.009264 
1.604000   116.000000   0.115800   0.009264 
0.450000   137.000000   0.273200   0.021856 
0.462000   137.000000   0.260000   0.020800 
0.469000   137.000000   0.233500   0.018680 
0.477000   137.000000   0.211500   0.016920 
0.485000   137.000000   0.193900   0.015512 
0.501000   137.000000   0.158600   0.012688 
0.505000   137.000000   0.141000   0.011280 
0.513000   137.000000   0.127800   0.010224 
0.521000   137.000000   0.110200   0.008816 
0.525000   137.000000   0.101300   0.008104 
0.532000   137.000000   0.123400   0.009872 
0.536000   137.000000   0.198300   0.015864 
0.540000   137.000000   0.317300   0.025384 
0.544000   137.000000   0.449400   0.035952 
0.548000   137.000000   0.524400   0.041952 
0.556000   137.000000   0.555200   0.044416 
0.557000   137.000000   0.542000   0.043360 
0.564000   137.000000   0.524400   0.041952 
0.572000   137.000000   0.506700   0.040536 
0.576000   137.000000   0.484700   0.038776 
0.584000   137.000000   0.453900   0.036312 
0.592000   137.000000   0.431800   0.034544 
0.593000   137.000000   0.409800   0.032784 
0.599000   137.000000   0.387800   0.031024 
0.611000   137.000000   0.352500   0.028200 
0.619000   137.000000   0.334900   0.026792 
0.631000   137.000000   0.312800   0.025024 
0.639000   137.000000   0.295200   0.023616 
0.651000   137.000000   0.282000   0.022560 
0.658000   137.000000   0.273200   0.021856 
0.674000   137.000000   0.260000   0.020800 
0.682000   137.000000   0.251200   0.020096 
0.702000   137.000000   0.233500   0.018680 
0.718000   137.000000   0.211500   0.016920 
0.737000   137.000000   0.211500   0.016920 
0.757000   137.000000   0.202700   0.016216 
0.781000   137.000000   0.189500   0.015160 
0.800000   137.000000   0.180700   0.014456 
0.824000   137.000000   0.171800   0.013744 
0.840000   137.000000   0.163000   0.013040 
0.863000   137.000000   0.154200   0.012336 
0.879000   137.000000   0.149800   0.011984 
0.903000   137.000000   0.149800   0.011984 
0.918000   137.000000   0.141000   0.011280 
0.934000   137.000000   0.132200   0.010576 
0.962000   137.000000   0.136600   0.010928 
0.978000   137.000000   0.132200   0.010576 
1.001000   137.000000   0.123400   0.009872 
1.021000   137.000000   0.123400   0.009872 
1.041000   137.000000   0.119000   0.009520 
1.060000   137.000000   0.114600   0.009168 
1.076000   137.000000   0.110200   0.008816 
1.096000   137.000000   0.105800   0.008464 
1.119000   137.000000   0.105800   0.008464 
1.127000   137.000000   0.105800   0.008464 
1.143000   137.000000   0.096900   0.007752 
1.147000   137.000000   0.092500   0.007400 
1.167000   137.000000   0.105800   0.008464 
1.175000   137.000000   0.110200   0.008816 
1.186000   137.000000   0.105800   0.008464 
1.194000   137.000000   0.110200   0.008816 
1.218000   137.000000   0.110200   0.008816 
1.242000   137.000000   0.114600   0.009168 
1.261000   137.000000   0.110200   0.008816 
1.281000   137.000000   0.114600   0.009168 
1.301000   137.000000   0.114600   0.009168 
1.312000   137.000000   0.114600   0.009168 
1.336000   137.000000   0.110200   0.008816 
1.356000   137.000000   0.123400   0.009872 
1.375000   137.000000   0.127800   0.010224 
1.395000   137.000000   0.136600   0.010928 
1.419000   137.000000   0.158600   0.012688 
1.431000   137.000000   0.189500   0.015160 
1.450000   137.000000   0.242300   0.019384 
1.454000   137.000000   0.308400   0.024672 
1.458000   137.000000   0.405400   0.032432 
1.462000   137.000000   0.502300   0.040184 
1.470000   137.000000   0.374500   0.029960 
1.474000   137.000000   0.286400   0.022912 
1.478000   137.000000   0.211500   0.016920 
1.490000   137.000000   0.136600   0.010928 
1.494000   137.000000   0.127800   0.010224 
1.505000   137.000000   0.127800   0.010224 
1.521000   137.000000   0.119000   0.009520 
1.533000   137.000000   0.119000   0.009520 
1.537000   137.000000   0.105800   0.008464 
1.549000   137.000000   0.074900   0.005992 
1.553000   137.000000   0.088100   0.007048 
1.568000   137.000000   0.101300   0.008104 
1.576000   137.000000   0.101300   0.008104 
1.588000   137.000000   0.096900   0.007752 
1.596000   137.000000   0.101300   0.008104 
1.604000   137.000000   0.092500   0.007400 
0.450000   158.400000   0.217600   0.017408 
0.458000   158.400000   0.204800   0.016384 
0.469000   158.400000   0.187700   0.015016 
0.477000   158.400000   0.170600   0.013648 
0.489000   158.400000   0.162100   0.012968 
0.497000   158.400000   0.128000   0.010240 
0.505000   158.400000   0.119400   0.009552 
0.513000   158.400000   0.102400   0.008192 
0.517000   158.400000   0.085300   0.006824 
0.528000   158.400000   0.098100   0.007848 
0.536000   158.400000   0.209000   0.016720 
0.536000   158.400000   0.298600   0.023888 
0.544000   158.400000   0.413800   0.033104 
0.548000   158.400000   0.516200   0.041296 
0.556000   158.400000   0.541700   0.043336 
0.568000   158.400000   0.503400   0.040272 
0.576000   158.400000   0.469200   0.037536 
0.584000   158.400000   0.439400   0.035152 
0.588000   158.400000   0.413800   0.033104 
0.599000   158.400000   0.362600   0.029008 
0.603000   158.400000   0.341300   0.027304 
0.607000   158.400000   0.319900   0.025592 
0.619000   158.400000   0.302900   0.024232 
0.631000   158.400000   0.294300   0.023544 
0.635000   158.400000   0.273000   0.021840 
0.643000   158.400000   0.277300   0.022184 
0.658000   158.400000   0.251700   0.020136 
0.678000   158.400000   0.221800   0.017744 
0.698000   158.400000   0.213300   0.017064 
0.718000   158.400000   0.200500   0.016040 
0.741000   158.400000   0.192000   0.015360 
0.761000   158.400000   0.187700   0.015016 
0.781000   158.400000   0.166400   0.013312 
0.800000   158.400000   0.157800   0.012624 
0.820000   158.400000   0.145000   0.011600 
0.840000   158.400000   0.149300   0.011944 
0.859000   158.400000   0.136500   0.010920 
0.883000   158.400000   0.140800   0.011264 
0.903000   158.400000   0.136500   0.010920 
0.922000   158.400000   0.132200   0.010576 
0.942000   158.400000   0.128000   0.010240 
0.962000   158.400000   0.119400   0.009552 
0.982000   158.400000   0.115200   0.009216 
1.001000   158.400000   0.115200   0.009216 
1.025000   158.400000   0.106600   0.008528 
1.045000   158.400000   0.110900   0.008872 
1.068000   158.400000   0.106600   0.008528 
1.084000   158.400000   0.102400   0.008192 
1.108000   158.400000   0.098100   0.007848 
1.123000   158.400000   0.098100   0.007848 
1.139000   158.400000   0.098100   0.007848 
1.151000   158.400000   0.098100   0.007848 
1.159000   158.400000   0.072500   0.005800 
1.167000   158.400000   0.098100   0.007848 
1.182000   158.400000   0.102400   0.008192 
1.206000   158.400000   0.102400   0.008192 
1.226000   158.400000   0.102400   0.008192 
1.249000   158.400000   0.106600   0.008528 
1.269000   158.400000   0.119400   0.009552 
1.289000   158.400000   0.123700   0.009896 
1.305000   158.400000   0.132200   0.010576 
1.328000   158.400000   0.136500   0.010920 
1.348000   158.400000   0.145000   0.011600 
1.368000   158.400000   0.149300   0.011944 
1.387000   158.400000   0.157800   0.012624 
1.411000   158.400000   0.170600   0.013648 
1.431000   158.400000   0.230300   0.018424 
1.438000   158.400000   0.298600   0.023888 
1.446000   158.400000   0.456400   0.036512 
1.447000   158.400000   0.482000   0.038560 
1.454000   158.400000   0.674000   0.053920 
1.462000   158.400000   0.857400   0.068592 
1.471000   158.400000   0.853100   0.068248 
1.472000   158.400000   0.814800   0.065184 
1.473000   158.400000   0.575900   0.046072 
1.474000   158.400000   0.524700   0.041976 
1.478000   158.400000   0.298600   0.023888 
1.482000   158.400000   0.213300   0.017064 
1.490000   158.400000   0.136500   0.010920 
1.494000   158.400000   0.149300   0.011944 
1.505000   158.400000   0.123700   0.009896 
1.521000   158.400000   0.115200   0.009216 
1.533000   158.400000   0.136500   0.010920 
1.537000   158.400000   0.162100   0.012968 
1.545000   158.400000   0.192000   0.015360 
1.546000   158.400000   0.089600   0.007168 
1.557000   158.400000   0.076800   0.006144 
1.572000   158.400000   0.081000   0.006480 
1.592000   158.400000   0.098100   0.007848 
1.616000   158.400000   0.085300   0.006824 
