31 87
31 212
31 340
31 525
31 584
31 683
31 697
31 712
31 729
31 753
31 885
31 934
31 953
31 1003
31 1105
31 1187
31 1253
31 1373
31 1374
31 1506
31 1532
31 1551
31 1553
31 1676
31 1884
31 1994
31 2156
31 2239
31 2330
31 2332
31 2419
31 2450
31 2470
31 2510
31 2582
31 2771
31 2887
31 2979
31 3030
31 3190
31 3219
31 3351
31 3356
31 3359
31 3400
31 3424
31 3692
31 3894
31 3930
31 4044
31 4146
31 4595
31 4817
31 4886
31 4925
31 4990
31 4991
31 5190
31 5209
31 5313
31 5447
31 5514
31 5593
31 5733
31 5775
31 5876
31 5963
31 6101
31 6132
31 6137
31 6149
31 6185
31 6238
31 6392
31 6446
31 6582
31 6585
31 6832
31 6871
31 6894
31 7029
31 7197
31 7305
31 7369
31 7446
31 7803
31 7839
31 7880
31 8063
31 8239
31 8319
31 8398
31 8401
31 8480
31 8564
31 8624
31 8696
31 8754
31 8761
31 8786
31 8943
31 9020
31 9128
31 9221
31 9286
31 9394
31 9467
31 9475
31 9503
31 9518
31 9679
31 9705
31 9907
31 10000
31 10118
31 10229
31 10281
31 10403
31 10557
31 10683
31 10807
31 10832
31 10890
31 10894
31 11103
31 11546
31 11610
31 11672
31 11725
31 11769
31 11801
31 11852
31 11925
31 12094
31 12418
31 12476
31 12594
31 12755
31 12861
31 12939
31 13030
31 13041
31 13327
31 13476
31 13557
31 13793
31 13902
31 13916
31 13960
31 14076
31 14192
31 14275
31 14377
31 14445
31 14446
31 14990
31 14997
31 15129
31 15249
31 15461
31 15498
31 15682
31 15689
31 15730
31 15922
31 16064
31 16215
31 16372
31 16382
31 16430
31 16451
31 16589
31 16721
31 16837
31 16932
31 17125
31 17172
31 17389
31 17472
31 17605
31 17705
31 17754
31 17922
31 18095
31 18171
31 18290
31 18402
31 18421
31 18478
31 18494
31 18631
31 18820
31 18846
31 19047
31 19148
31 19159
31 19262
31 19390
31 19645
31 19675
31 19840
31 19985
31 20047
31 20094
31 20117
31 20184
31 20457
31 20721
31 20838
31 20841
31 20952
31 20993
31 21025
31 21432
31 21494
31 21609
31 21619
31 21845
31 21899
31 21911
31 21972
31 21977
31 22125
31 22139
31 22158
31 22220
31 22445
31 22614
31 22880
31 22974
31 23084
31 23108
31 23162
31 23215
31 23443
31 23560
31 23599
31 23651
31 23733
31 23890
31 23939
31 23993
31 24411
31 24425
31 24652
31 25259
31 25338
31 25353
31 25475
31 25504
31 25635
31 25862
31 26023
31 26033
31 26048
31 26135
31 26137
31 26328
31 26511
31 26522
31 26609
32 265
32 354
32 571
32 942
32 1074
32 1092
32 1121
32 1464
32 1545
32 1595
32 1615
32 1629
32 1643
32 1667
32 1813
32 1856
32 1863
32 1947
32 1952
32 1998
32 2028
32 2176
32 2243
32 2266
32 2536
32 2611
32 2642
32 2655
32 2662
32 2889
32 2968
32 3074
32 3233
32 3241
32 3271
32 3348
32 3419
32 3429
32 3500
32 3555
32 3737
32 3853
32 4107
32 4120
32 4140
32 4156
32 4384
32 4395
32 4510
32 4637
32 4702
32 4769
32 4816
32 4881
32 5038
32 5223
32 5339
32 5364
32 5410
32 5470
32 5531
32 5570
32 5825
32 5874
32 6055
32 6179
32 6451
32 6543
32 6700
32 6837
32 6846
32 6849
32 6892
32 6900
32 7310
32 7474
32 7829
32 8020
32 8037
32 8105
32 8137
32 8185
32 8206
32 8212
32 8316
32 8409
32 8473
32 8483
32 8545
32 8691
32 8709
32 8762
32 8917
32 8953
32 9018
32 9068
32 9222
32 9346
32 9415
32 9719
32 10075
32 10134
32 10174
32 10175
32 10197
32 10240
32 10261
32 10278
32 10516
32 10762
32 10943
32 10995
32 11016
32 11021
32 11106
32 11212
32 11225
32 11288
32 11344
32 11394
32 11948
32 11957
32 12079
32 12141
32 12207
32 12319
32 12332
32 12410
32 12416
32 12419
32 12468
32 12746
32 12808
32 12929
32 12965
32 13093
32 13112
32 13132
32 13299
32 13306
32 13313
32 13436
32 13473
32 13526
32 13580
32 13676
32 13707
32 13885
32 13945
32 14083
32 14153
32 14228
