1.2011	0	2.2273E+00	9.3800E-02
1.2034	0	2.4831E+00	9.4900E-02
1.2058	0	2.2705E+00	9.4900E-02
1.2081	0	2.3986E+00	9.2200E-02
1.2105	0	2.3304E+00	9.1500E-02
1.2129	0	2.2615E+00	9.0300E-02
1.2153	0	2.4115E+00	8.6200E-02
1.2176	0	2.1511E+00	8.7000E-02
1.2200	0	2.3021E+00	8.7400E-02
1.2224	0	2.2927E+00	8.4300E-02
1.2248	0	2.2576E+00	8.2800E-02
1.2273	0	2.2769E+00	8.2500E-02
1.2297	0	2.2153E+00	8.0600E-02
1.2321	0	2.2663E+00	8.0700E-02
1.2345	0	2.3694E+00	7.9200E-02
1.2370	0	2.3133E+00	7.8100E-02
1.2394	0	2.2288E+00	7.8000E-02
1.2419	0	2.4079E+00	7.6900E-02
1.2444	0	2.2456E+00	7.5700E-02
1.2468	0	2.3074E+00	7.5000E-02
1.2493	0	2.3035E+00	7.3500E-02
1.2518	0	2.3053E+00	7.3700E-02
1.2543	0	2.1472E+00	7.1600E-02
1.2568	0	2.3044E+00	7.1500E-02
1.2593	0	2.2391E+00	7.0500E-02
1.2618	0	2.2121E+00	7.0300E-02
1.2643	0	2.2915E+00	7.0600E-02
1.2669	0	2.2658E+00	6.8200E-02
1.2694	0	2.2698E+00	6.8600E-02
1.2720	0	2.3325E+00	6.7500E-02
1.2745	0	2.2178E+00	6.6800E-02
1.2771	0	2.2928E+00	6.7100E-02
1.2797	0	2.2640E+00	6.5900E-02
1.2822	0	2.2138E+00	6.5700E-02
1.2848	0	2.2144E+00	6.5000E-02
1.2874	0	2.0931E+00	6.3600E-02
1.2900	0	2.2065E+00	6.2500E-02
1.2926	0	2.2439E+00	6.2900E-02
1.2952	0	2.2722E+00	6.2200E-02
1.2979	0	2.2886E+00	6.3400E-02
1.3005	0	2.1548E+00	6.1700E-02
1.3031	0	2.1505E+00	6.1000E-02
1.3058	0	2.1536E+00	6.1400E-02
1.3085	0	2.2519E+00	6.0600E-02
1.3111	0	2.2445E+00	6.0200E-02
1.3138	0	2.1532E+00	5.9400E-02
1.3165	0	2.2997E+00	5.9200E-02
1.3192	0	2.1615E+00	5.8100E-02
1.3219	0	2.2331E+00	5.7600E-02
1.3246	0	2.3147E+00	5.7200E-02
1.3273	0	2.1861E+00	5.6200E-02
1.3300	0	2.2289E+00	5.6800E-02
1.3327	0	2.1881E+00	5.6300E-02
1.3355	0	2.2090E+00	5.5000E-02
1.3382	0	2.2232E+00	5.6100E-02
1.3410	0	2.1810E+00	5.4200E-02
1.3438	0	2.1324E+00	5.4800E-02
1.3465	0	2.2363E+00	5.4500E-02
1.3493	0	2.1957E+00	5.3800E-02
1.3521	0	2.1415E+00	5.3700E-02
1.3549	0	2.1580E+00	5.3100E-02
1.3577	0	2.1205E+00	5.2300E-02
1.3605	0	2.1041E+00	5.2100E-02
1.3634	0	2.1805E+00	5.0700E-02
1.3662	0	2.1534E+00	5.0000E-02
1.3691	0	2.1409E+00	4.9900E-02
1.3719	0	2.1029E+00	4.9800E-02
1.3748	0	2.1184E+00	4.9300E-02
1.3776	0	2.1048E+00	4.8900E-02
1.3805	0	2.0584E+00	4.8700E-02
1.3834	0	2.1404E+00	4.8400E-02
1.3863	0	2.1147E+00	4.8000E-02
1.3892	0	2.1210E+00	4.7300E-02
1.3921	0	2.1741E+00	4.7400E-02
1.3951	0	2.1838E+00	4.7100E-02
1.3980	0	2.1795E+00	4.6400E-02
1.4009	0	2.1934E+00	4.6000E-02
1.4039	0	2.1533E+00	4.6200E-02
1.4069	0	2.1465E+00	4.5900E-02
1.4098	0	2.1061E+00	4.5800E-02
1.4128	0	2.0795E+00	4.5100E-02
1.4158	0	2.0719E+00	4.4900E-02
1.4188	0	2.1596E+00	4.4400E-02
1.4218	0	2.0420E+00	4.4300E-02
1.4248	0	2.1246E+00	4.3800E-02
1.4279	0	2.0931E+00	4.3200E-02
1.4309	0	2.0682E+00	4.2800E-02
1.4340	0	2.0877E+00	4.2700E-02
1.4370	0	2.1784E+00	4.2000E-02
1.4401	0	1.9925E+00	4.2100E-02
1.4432	0	2.1695E+00	4.1900E-02
1.4463	0	2.1020E+00	4.1700E-02
1.4494	0	2.1341E+00	4.1000E-02
1.4525	0	2.0896E+00	4.1300E-02
1.4556	0	2.0338E+00	4.0800E-02
1.4587	0	2.0677E+00	4.0700E-02
1.4619	0	2.0441E+00	4.0100E-02
1.4650	0	2.0898E+00	4.0100E-02
1.4682	0	2.0932E+00	4.0000E-02
1.4713	0	2.0295E+00	3.9700E-02
1.4745	0	2.0931E+00	3.9400E-02
1.4777	0	2.0314E+00	3.9100E-02
1.4809	0	2.0054E+00	3.8800E-02
1.4841	0	2.0082E+00	3.8700E-02
1.4873	0	2.0960E+00	3.8100E-02
1.4906	0	2.0674E+00	3.7900E-02
1.4938	0	2.0726E+00	3.8100E-02
1.4971	0	2.0561E+00	3.7700E-02
1.4993	0	1.9951E+00	5.9200E-02
1.5003	0	2.0450E+00	8.4100E-02
1.5010	0	1.9589E+00	8.4300E-02
1.5016	0	1.9979E+00	8.2700E-02
1.5023	0	2.0501E+00	8.2900E-02
1.5029	0	1.8629E+00	8.3000E-02
1.5036	0	2.0626E+00	8.3100E-02
1.5043	0	1.9799E+00	8.3400E-02
1.5049	0	1.8553E+00	8.4000E-02
1.5056	0	2.0922E+00	8.2000E-02
1.5062	0	2.0342E+00	8.3000E-02
1.5069	0	2.1041E+00	8.3200E-02
1.5075	0	1.9109E+00	8.2900E-02
1.5082	0	1.8965E+00	8.2100E-02
1.5089	0	1.9750E+00	8.3000E-02
1.5095	0	2.2006E+00	8.2000E-02
1.5102	0	1.9421E+00	8.2300E-02
1.5108	0	2.0688E+00	8.1800E-02
1.5115	0	1.9242E+00	8.1600E-02
1.5122	0	1.9844E+00	8.1500E-02
1.5128	0	2.1098E+00	8.2700E-02
1.5135	0	2.1295E+00	8.1100E-02
1.5142	0	1.9529E+00	8.2200E-02
1.5148	0	2.0808E+00	8.0600E-02
1.5155	0	1.9975E+00	8.2000E-02
1.5161	0	2.1827E+00	8.2200E-02
1.5168	0	2.0216E+00	8.1100E-02
1.5175	0	2.1005E+00	7.9900E-02
1.5181	0	1.9458E+00	8.1400E-02
1.5188	0	2.0045E+00	8.2500E-02
1.5195	0	2.0589E+00	8.0200E-02
1.5201	0	2.0794E+00	8.1000E-02
1.5208	0	2.2002E+00	8.0500E-02
1.5215	0	1.9266E+00	8.0800E-02
1.5221	0	2.0606E+00	8.0200E-02
1.5228	0	1.9965E+00	8.0000E-02
1.5235	0	2.1489E+00	8.0500E-02
1.5241	0	2.0900E+00	7.9600E-02
1.5248	0	1.9979E+00	7.9700E-02
1.5255	0	1.8608E+00	8.1000E-02
1.5262	0	2.0860E+00	7.9500E-02
1.5268	0	2.0303E+00	8.0700E-02
1.5275	0	1.9153E+00	7.9400E-02
1.5282	0	1.9876E+00	8.1600E-02
1.5288	0	2.0840E+00	7.9900E-02
1.5295	0	1.8590E+00	8.0500E-02
1.5302	0	2.0567E+00	7.9200E-02
1.5309	0	1.9658E+00	7.9700E-02
1.5315	0	2.0179E+00	8.0200E-02
1.5322	0	1.9044E+00	8.0200E-02
1.5329	0	2.0976E+00	8.0300E-02
1.5336	0	2.0337E+00	7.9900E-02
1.5342	0	2.1076E+00	7.9300E-02
1.5349	0	2.1095E+00	7.8700E-02
1.5356	0	2.0094E+00	7.8400E-02
1.5363	0	1.9426E+00	7.9500E-02
1.5369	0	1.8984E+00	7.9000E-02
1.5376	0	1.9750E+00	7.9800E-02
1.5383	0	1.9295E+00	7.8200E-02
1.5390	0	1.9738E+00	7.9600E-02
1.5397	0	2.2428E+00	7.8200E-02
1.5403	0	2.1091E+00	7.8200E-02
1.5410	0	1.9158E+00	7.7200E-02
1.5417	0	2.0640E+00	7.8500E-02
1.5424	0	2.0357E+00	7.8900E-02
1.5431	0	1.9952E+00	7.8300E-02
1.5437	0	2.0119E+00	7.8400E-02
1.5444	0	2.0993E+00	7.7200E-02
1.5451	0	1.9813E+00	7.8100E-02
1.5458	0	2.0571E+00	7.7200E-02
1.5465	0	1.9495E+00	7.6900E-02
1.5472	0	1.9804E+00	7.8200E-02
1.5479	0	1.8270E+00	7.8200E-02
1.5485	0	1.8758E+00	7.8500E-02
1.5492	0	1.9864E+00	7.7000E-02
1.5499	0	2.0860E+00	7.7400E-02
1.5506	0	1.9807E+00	7.7300E-02
1.5513	0	2.0521E+00	7.6800E-02
1.5520	0	1.9581E+00	7.7300E-02
1.5527	0	2.0548E+00	7.6300E-02
1.5533	0	1.9184E+00	7.6700E-02
1.5540	0	1.8613E+00	7.7800E-02
1.5547	0	1.8867E+00	7.6600E-02
1.5554	0	1.9085E+00	7.7300E-02
1.5561	0	1.9864E+00	7.6400E-02
1.5568	0	2.0854E+00	7.7300E-02
1.5575	0	2.0604E+00	7.5400E-02
1.5582	0	2.0512E+00	7.6300E-02
1.5589	0	2.0241E+00	7.6400E-02
1.5596	0	2.1414E+00	7.7000E-02
1.5603	0	1.9407E+00	7.6100E-02
1.5610	0	1.9767E+00	7.5400E-02
1.5616	0	1.9880E+00	7.5500E-02
1.5623	0	2.0194E+00	7.5800E-02
1.5630	0	2.0260E+00	7.5300E-02
1.5637	0	1.9443E+00	7.6800E-02
1.5644	0	1.7371E+00	7.5500E-02
1.5651	0	1.9733E+00	7.4800E-02
1.5658	0	1.8687E+00	7.5100E-02
1.5665	0	1.8935E+00	7.5400E-02
1.5672	0	1.8191E+00	7.5400E-02
1.5679	0	2.0437E+00	7.4100E-02
1.5686	0	2.0029E+00	7.5600E-02
1.5693	0	1.9858E+00	7.4600E-02
1.5700	0	2.0738E+00	7.5600E-02
1.5707	0	1.9548E+00	7.4900E-02
1.5714	0	1.9292E+00	7.4700E-02
1.5721	0	1.9155E+00	7.6000E-02
1.5728	0	2.0597E+00	7.3800E-02
1.5735	0	1.9034E+00	7.4700E-02
1.5742	0	2.0710E+00	7.4200E-02
1.5749	0	2.0537E+00	7.4200E-02
1.5756	0	2.0374E+00	7.3900E-02
1.5763	0	1.9083E+00	7.4800E-02
1.5770	0	2.0849E+00	7.4000E-02
1.5777	0	1.8734E+00	7.4200E-02
1.5784	0	1.9257E+00	7.4900E-02
1.5792	0	1.9089E+00	7.4900E-02
1.5799	0	2.0893E+00	7.5000E-02
1.5806	0	2.0075E+00	7.4400E-02
1.5813	0	2.0264E+00	7.4700E-02
1.5820	0	2.0035E+00	7.4300E-02
1.5827	0	2.0671E+00	7.3100E-02
1.5834	0	1.9554E+00	7.4400E-02
1.5841	0	1.9461E+00	7.4700E-02
1.5848	0	2.0457E+00	7.3800E-02
1.5855	0	1.9214E+00	7.3500E-02
1.5862	0	1.9806E+00	7.4400E-02
1.5869	0	1.9363E+00	7.3900E-02
1.5877	0	1.8980E+00	7.3400E-02
1.5884	0	1.9925E+00	7.3600E-02
1.5891	0	1.9382E+00	7.3900E-02
1.5898	0	1.9413E+00	7.3800E-02
1.5905	0	2.0937E+00	7.4700E-02
1.5912	0	1.9624E+00	7.3800E-02
1.5919	0	1.9563E+00	7.4200E-02
1.5927	0	1.8612E+00	7.4900E-02
1.5934	0	1.9594E+00	7.5800E-02
1.5941	0	2.0103E+00	7.5000E-02
1.5948	0	1.9696E+00	7.5200E-02
1.5955	0	1.8296E+00	7.4400E-02
1.5962	0	1.9330E+00	7.4100E-02
1.5970	0	1.9129E+00	7.4100E-02
1.5977	0	1.9023E+00	7.5300E-02
1.5984	0	1.9579E+00	7.3600E-02
1.5991	0	1.8676E+00	7.3200E-02
1.5998	0	1.9031E+00	7.3900E-02
1.6006	0	1.8112E+00	7.3100E-02
1.6013	0	1.9346E+00	7.3900E-02
1.6020	0	1.9541E+00	7.3700E-02
1.6027	0	1.8313E+00	7.3100E-02
1.6034	0	1.8953E+00	7.2400E-02
1.6042	0	1.8386E+00	7.2900E-02
1.6049	0	2.0383E+00	7.2100E-02
1.6056	0	1.9719E+00	7.2000E-02
1.6063	0	2.0191E+00	7.1600E-02
1.6071	0	1.9942E+00	7.1200E-02
1.6078	0	1.8967E+00	7.1700E-02
1.6085	0	1.8383E+00	7.1500E-02
1.6092	0	1.8426E+00	7.2500E-02
1.6100	0	1.9680E+00	7.2400E-02
1.6107	0	2.0366E+00	7.2300E-02
1.6114	0	1.8419E+00	7.3100E-02
1.6121	0	1.9225E+00	7.1700E-02
1.6129	0	1.8585E+00	7.0300E-02
1.6136	0	2.0607E+00	7.1300E-02
1.6143	0	1.8963E+00	7.1800E-02
1.6151	0	2.0420E+00	7.0500E-02
1.6158	0	1.9207E+00	7.0400E-02
1.6165	0	2.0139E+00	7.0400E-02
1.6173	0	1.8267E+00	7.0800E-02
1.6180	0	1.9205E+00	6.9900E-02
1.6187	0	1.9944E+00	7.0300E-02
1.6195	0	1.9470E+00	7.0000E-02
1.6202	0	1.8964E+00	7.0800E-02
1.6209	0	1.8857E+00	7.0700E-02
1.6217	0	1.8931E+00	7.1000E-02
1.6224	0	1.8230E+00	7.1200E-02
1.6231	0	1.8769E+00	7.0700E-02
1.6239	0	1.8459E+00	7.1600E-02
1.6246	0	1.9691E+00	7.0200E-02
1.6253	0	1.8603E+00	6.9800E-02
1.6261	0	2.0686E+00	6.9500E-02
1.6268	0	1.8719E+00	6.8900E-02
1.6275	0	1.9762E+00	6.9500E-02
1.6283	0	1.9875E+00	7.0200E-02
1.6290	0	2.0014E+00	6.9600E-02
1.6298	0	1.8461E+00	6.9500E-02
1.6305	0	2.0933E+00	6.9000E-02
1.6312	0	1.8823E+00	6.9000E-02
1.6320	0	1.9442E+00	6.9400E-02
1.6327	0	2.0078E+00	6.8600E-02
1.6335	0	1.8297E+00	6.9500E-02
1.6342	0	1.9000E+00	6.8600E-02
1.6350	0	1.9038E+00	6.8700E-02
1.6357	0	2.0105E+00	6.9200E-02
1.6364	0	1.9045E+00	6.8700E-02
1.6372	0	1.8011E+00	6.8400E-02
1.6379	0	1.9075E+00	6.8400E-02
1.6387	0	1.9704E+00	6.8200E-02
1.6394	0	1.9351E+00	6.8600E-02
1.6402	0	1.9996E+00	6.8400E-02
1.6409	0	1.8291E+00	6.8600E-02
1.6417	0	1.9109E+00	6.8400E-02
1.6424	0	1.8094E+00	6.8400E-02
1.6432	0	1.8670E+00	6.7100E-02
1.6439	0	1.9505E+00	6.7500E-02
1.6447	0	2.0569E+00	6.7800E-02
1.6454	0	1.9229E+00	6.8800E-02
1.6462	0	1.9606E+00	6.7300E-02
1.6469	0	1.9683E+00	6.8600E-02
1.6477	0	2.0742E+00	6.8000E-02
1.6484	0	1.8093E+00	6.8800E-02
1.6492	0	1.9445E+00	6.8600E-02
1.6499	0	1.9975E+00	6.9200E-02
1.6507	0	2.1445E+00	6.8100E-02
1.6514	0	1.9596E+00	6.9100E-02
1.6522	0	1.9666E+00	6.8600E-02
1.6530	0	1.9326E+00	6.7700E-02
1.6537	0	1.8012E+00	6.8700E-02
1.6545	0	1.9579E+00	6.8300E-02
1.6552	0	1.7657E+00	6.7700E-02
1.6560	0	1.7888E+00	6.7700E-02
1.6567	0	1.9286E+00	6.6700E-02
1.6575	0	1.9763E+00	6.7400E-02
1.6583	0	1.8453E+00	6.7200E-02
1.6590	0	1.9786E+00	6.6600E-02
1.6598	0	1.7883E+00	6.7800E-02
1.6605	0	1.9578E+00	6.6700E-02
1.6613	0	1.7708E+00	6.6200E-02
1.6621	0	1.8707E+00	6.7200E-02
1.6628	0	1.9160E+00	6.7000E-02
1.6636	0	1.9173E+00	6.6200E-02
1.6644	0	1.9761E+00	6.5700E-02
1.6651	0	1.9589E+00	6.6300E-02
1.6659	0	1.8360E+00	6.6200E-02
1.6667	0	1.9934E+00	6.6400E-02
1.6674	0	1.8820E+00	6.6000E-02
1.6682	0	1.8482E+00	6.6600E-02
1.6690	0	1.8381E+00	6.6100E-02
1.6697	0	1.9489E+00	6.6600E-02
1.6705	0	1.8973E+00	6.5000E-02
1.6713	0	1.8993E+00	6.5900E-02
1.6720	0	1.8424E+00	6.5800E-02
1.6728	0	1.9109E+00	6.5900E-02
1.6736	0	1.7963E+00	6.5400E-02
1.6743	0	1.9188E+00	6.5400E-02
1.6751	0	1.9686E+00	6.5800E-02
1.6759	0	1.8358E+00	6.6000E-02
1.6767	0	1.8508E+00	6.5600E-02
1.6774	0	1.9836E+00	6.4900E-02
1.6782	0	1.8637E+00	6.6200E-02
1.6790	0	1.7570E+00	6.5500E-02
1.6798	0	1.8773E+00	6.6000E-02
1.6805	0	1.9231E+00	6.5400E-02
1.6813	0	1.8558E+00	6.5600E-02
1.6821	0	1.9772E+00	6.4300E-02
1.6829	0	1.8599E+00	6.4600E-02
1.6836	0	1.8388E+00	6.4700E-02
1.6844	0	1.9303E+00	6.3500E-02
1.6852	0	1.8268E+00	6.4500E-02
1.6860	0	1.8718E+00	6.4800E-02
1.6867	0	1.7694E+00	6.6100E-02
1.6875	0	1.9254E+00	6.4700E-02
1.6883	0	1.9476E+00	6.4500E-02
1.6891	0	1.8515E+00	6.5600E-02
1.6899	0	1.8509E+00	6.5700E-02
1.6907	0	1.8717E+00	6.5000E-02
1.6914	0	1.8847E+00	6.5500E-02
1.6922	0	1.9210E+00	6.4300E-02
1.6930	0	1.9658E+00	6.4400E-02
1.6938	0	1.8706E+00	6.3100E-02
1.6946	0	1.8097E+00	6.4400E-02
1.6954	0	1.8521E+00	6.3700E-02
1.6961	0	1.8653E+00	6.4200E-02
1.6969	0	1.9029E+00	6.3400E-02
1.6977	0	1.7879E+00	6.5300E-02
1.6985	0	1.9851E+00	6.3500E-02
1.6993	0	1.9818E+00	6.3400E-02
1.7001	0	1.8557E+00	6.4100E-02
1.7009	0	1.8794E+00	6.4100E-02
1.7017	0	1.8454E+00	6.3900E-02
1.7024	0	1.9477E+00	6.3800E-02
1.7032	0	1.8636E+00	6.4000E-02
1.7040	0	1.8928E+00	6.3300E-02
1.7048	0	1.9845E+00	6.3500E-02
1.7056	0	1.8446E+00	6.2900E-02
1.7064	0	1.8328E+00	6.3400E-02
1.7072	0	1.8422E+00	6.2800E-02
1.7080	0	1.8449E+00	6.3500E-02
1.7088	0	1.8179E+00	6.3500E-02
1.7096	0	1.7633E+00	6.3100E-02
1.7104	0	1.8275E+00	6.3200E-02
1.7112	0	1.8528E+00	6.3100E-02
1.7120	0	1.8434E+00	6.2800E-02
1.7128	0	1.9306E+00	6.2600E-02
1.7136	0	1.9078E+00	6.2800E-02
1.7144	0	1.7349E+00	6.4000E-02
1.7152	0	1.7880E+00	6.2900E-02
1.7160	0	1.8027E+00	6.2800E-02
1.7168	0	1.7830E+00	6.2500E-02
1.7176	0	1.8757E+00	6.3500E-02
1.7184	0	1.8041E+00	6.3300E-02
1.7192	0	1.9605E+00	6.2400E-02
1.7200	0	1.7451E+00	6.2200E-02
1.7208	0	1.8230E+00	6.2700E-02
1.7216	0	1.7093E+00	6.3000E-02
1.7224	0	1.8565E+00	6.2200E-02
1.7232	0	1.8592E+00	6.2300E-02
1.7240	0	1.8487E+00	6.1800E-02
1.7248	0	1.8659E+00	6.2300E-02
1.7256	0	1.8976E+00	6.1600E-02
1.7264	0	1.8200E+00	6.2600E-02
1.7272	0	1.8293E+00	6.1800E-02
1.7280	0	1.8835E+00	6.2200E-02
1.7288	0	1.8217E+00	6.1700E-02
1.7296	0	1.8214E+00	6.1800E-02
1.7305	0	1.8282E+00	6.2200E-02
1.7313	0	1.8861E+00	6.1800E-02
1.7321	0	1.8153E+00	6.1700E-02
1.7329	0	1.8483E+00	6.2200E-02
1.7337	0	1.8091E+00	6.2300E-02
1.7345	0	1.8279E+00	6.2500E-02
1.7353	0	1.8684E+00	6.1400E-02
1.7361	0	1.8918E+00	6.1900E-02
1.7370	0	1.8303E+00	6.1800E-02
1.7378	0	1.9461E+00	6.1400E-02
1.7386	0	1.8355E+00	6.1300E-02
1.7394	0	1.7958E+00	6.1400E-02
1.7402	0	1.8101E+00	6.1000E-02
1.7410	0	1.8228E+00	6.1600E-02
1.7419	0	1.9773E+00	6.0900E-02
1.7427	0	1.8208E+00	6.1000E-02
1.7435	0	1.8322E+00	6.0900E-02
1.7443	0	1.9346E+00	6.1600E-02
1.7451	0	1.7866E+00	6.0600E-02
1.7459	0	1.8828E+00	6.1400E-02
1.7468	0	1.8725E+00	6.1000E-02
1.7476	0	1.8481E+00	6.1500E-02
1.7484	0	1.7596E+00	6.1600E-02
1.7492	0	1.8224E+00	6.1500E-02
1.7501	0	1.7443E+00	6.1800E-02
1.7509	0	1.7369E+00	6.1000E-02
1.7517	0	1.8972E+00	6.1400E-02
1.7525	0	1.8318E+00	6.1000E-02
1.7534	0	1.8866E+00	6.0200E-02
1.7542	0	1.6801E+00	6.0400E-02
1.7550	0	1.8152E+00	6.0300E-02
1.7558	0	1.8448E+00	6.0500E-02
1.7567	0	1.9032E+00	5.9800E-02
1.7575	0	1.9147E+00	6.0500E-02
1.7583	0	1.7983E+00	6.0500E-02
1.7592	0	1.7472E+00	6.1000E-02
1.7600	0	1.7346E+00	6.1200E-02
1.7608	0	1.7891E+00	6.0600E-02
1.7617	0	1.8715E+00	6.0900E-02
1.7625	0	1.8922E+00	6.1000E-02
1.7633	0	1.8636E+00	6.0200E-02
1.7641	0	1.8476E+00	6.0600E-02
1.7650	0	1.8898E+00	6.0100E-02
1.7658	0	1.7488E+00	6.0000E-02
1.7667	0	1.8142E+00	6.0600E-02
1.7675	0	1.9277E+00	6.0000E-02
1.7683	0	1.7869E+00	5.9900E-02
1.7692	0	1.8493E+00	6.0300E-02
1.7700	0	1.8006E+00	6.0000E-02
1.7708	0	1.8258E+00	6.0500E-02
1.7717	0	1.7897E+00	6.0300E-02
1.7725	0	1.7932E+00	6.0200E-02
1.7734	0	1.7935E+00	6.0700E-02
1.7742	0	1.6880E+00	6.0100E-02
1.7750	0	1.8279E+00	6.0300E-02
1.7759	0	1.7560E+00	6.0600E-02
1.7767	0	1.7836E+00	6.0100E-02
1.7776	0	1.7793E+00	6.0100E-02
1.7784	0	1.9325E+00	6.0100E-02
1.7793	0	1.8234E+00	6.0100E-02
1.7801	0	1.7252E+00	6.0300E-02
1.7809	0	1.8197E+00	6.0100E-02
1.7818	0	1.8592E+00	6.0000E-02
1.7826	0	1.7143E+00	5.9600E-02
1.7835	0	1.7426E+00	5.9800E-02
1.7843	0	1.8815E+00	5.9700E-02
1.7852	0	1.7363E+00	6.0200E-02
1.7860	0	1.8341E+00	6.0000E-02
1.7869	0	1.7942E+00	5.9800E-02
1.7877	0	1.7151E+00	6.0300E-02
1.7886	0	1.6294E+00	5.9800E-02
1.7894	0	1.6368E+00	5.9600E-02
1.7903	0	1.7356E+00	5.9200E-02
1.7911	0	1.7943E+00	5.9400E-02
1.7920	0	1.7771E+00	5.9300E-02
1.7928	0	1.7583E+00	5.9800E-02
1.7937	0	1.6726E+00	6.0100E-02
1.7946	0	1.7437E+00	5.9200E-02
1.7954	0	1.7140E+00	5.9100E-02
1.7963	0	1.8402E+00	5.8800E-02
1.7971	0	1.7513E+00	5.9100E-02
1.7980	0	1.8199E+00	5.9000E-02
1.7988	0	1.7298E+00	5.9200E-02
1.7997	0	1.7628E+00	5.9100E-02
1.8006	0	1.7390E+00	5.9000E-02
1.8014	0	1.7447E+00	5.9200E-02
1.8023	0	1.8296E+00	5.8500E-02
1.8031	0	1.7494E+00	5.8200E-02
1.8040	0	1.8014E+00	5.7900E-02
1.8049	0	1.8672E+00	5.8500E-02
1.8057	0	1.7365E+00	5.8700E-02
1.8066	0	1.8469E+00	5.8000E-02
1.8075	0	1.8357E+00	5.8000E-02
1.8083	0	1.8046E+00	5.8500E-02
1.8092	0	1.8932E+00	5.7600E-02
1.8101	0	1.7812E+00	5.7800E-02
1.8109	0	1.7212E+00	5.7900E-02
1.8118	0	1.8479E+00	5.7700E-02
1.8127	0	1.7790E+00	5.7600E-02
1.8135	0	1.7339E+00	5.7200E-02
1.8144	0	1.8091E+00	5.7600E-02
1.8153	0	1.8283E+00	5.7400E-02
1.8161	0	1.7804E+00	5.6900E-02
1.8170	0	1.7501E+00	5.7900E-02
1.8179	0	1.7749E+00	5.7000E-02
1.8188	0	1.9028E+00	5.6800E-02
1.8196	0	1.8068E+00	5.7100E-02
1.8205	0	1.7783E+00	5.6500E-02
1.8214	0	1.8709E+00	5.6100E-02
1.8223	0	1.7991E+00	5.6900E-02
1.8231	0	1.7578E+00	5.7100E-02
1.8240	0	1.8048E+00	5.6300E-02
1.8249	0	1.8311E+00	5.7100E-02
1.8258	0	1.8590E+00	5.6700E-02
1.8266	0	1.8441E+00	5.6900E-02
1.8275	0	1.8042E+00	5.6400E-02
1.8284	0	1.7611E+00	5.6800E-02
1.8293	0	1.9062E+00	5.6600E-02
1.8302	0	1.7248E+00	5.6800E-02
1.8310	0	1.7132E+00	5.6800E-02
1.8319	0	1.6714E+00	5.7100E-02
1.8328	0	1.8145E+00	5.6900E-02
1.8337	0	1.7444E+00	5.6600E-02
1.8346	0	1.6925E+00	5.6900E-02
1.8355	0	1.8045E+00	5.6600E-02
1.8363	0	1.7831E+00	5.6400E-02
1.8372	0	1.7373E+00	5.6900E-02
1.8381	0	1.8148E+00	5.6500E-02
1.8390	0	1.6840E+00	5.6800E-02
1.8399	0	1.6368E+00	5.6800E-02
1.8408	0	1.8506E+00	5.6600E-02
1.8417	0	1.7361E+00	5.6300E-02
1.8426	0	1.7463E+00	5.6000E-02
1.8434	0	1.7581E+00	5.6100E-02
1.8443	0	1.7506E+00	5.6400E-02
1.8452	0	1.7228E+00	5.6000E-02
1.8461	0	1.7723E+00	5.6100E-02
1.8470	0	1.7712E+00	5.6200E-02
1.8479	0	1.7451E+00	5.6100E-02
1.8488	0	1.7831E+00	5.5300E-02
1.8497	0	1.7982E+00	5.6000E-02
1.8506	0	1.7944E+00	5.5600E-02
1.8515	0	1.7182E+00	5.5700E-02
1.8524	0	1.7668E+00	5.5600E-02
1.8533	0	1.7960E+00	5.5200E-02
1.8542	0	1.7541E+00	5.5200E-02
1.8551	0	1.8295E+00	5.5800E-02
1.8560	0	1.7626E+00	5.5200E-02
1.8569	0	1.7814E+00	5.5600E-02
1.8578	0	1.7385E+00	5.6100E-02
1.8587	0	1.7727E+00	5.5500E-02
1.8596	0	1.7456E+00	5.5400E-02
1.8605	0	1.8036E+00	5.5200E-02
1.8614	0	1.6999E+00	5.5900E-02
1.8623	0	1.6518E+00	5.5500E-02
1.8632	0	1.8125E+00	5.4500E-02
1.8641	0	1.7427E+00	5.5100E-02
1.8650	0	1.8244E+00	5.4400E-02
1.8659	0	1.6152E+00	5.5000E-02
1.8668	0	1.8065E+00	5.4700E-02
1.8677	0	1.7474E+00	5.4200E-02
1.8686	0	1.7457E+00	5.3900E-02
1.8696	0	1.7254E+00	5.4500E-02
1.8705	0	1.6951E+00	5.5200E-02
1.8714	0	1.6854E+00	5.4700E-02
1.8723	0	1.7847E+00	5.4800E-02
1.8732	0	1.6889E+00	5.4200E-02
1.8741	0	1.7557E+00	5.4600E-02
1.8750	0	1.6779E+00	5.4600E-02
1.8759	0	1.6772E+00	5.4700E-02
1.8769	0	1.8133E+00	5.4200E-02
1.8778	0	1.7734E+00	5.4100E-02
1.8787	0	1.7937E+00	5.4400E-02
1.8796	0	1.7744E+00	5.4900E-02
1.8805	0	1.7882E+00	5.4000E-02
1.8814	0	1.6801E+00	5.4200E-02
1.8824	0	1.7369E+00	5.4400E-02
1.8833	0	1.8261E+00	5.3900E-02
1.8842	0	1.6500E+00	5.4200E-02
1.8851	0	1.7330E+00	5.4200E-02
1.8860	0	1.7797E+00	5.3700E-02
1.8870	0	1.7080E+00	5.3900E-02
1.8879	0	1.6717E+00	5.3600E-02
1.8888	0	1.7864E+00	5.4300E-02
1.8897	0	1.7235E+00	5.4000E-02
1.8907	0	1.7886E+00	5.3500E-02
1.8916	0	1.7122E+00	5.3900E-02
1.8925	0	1.7111E+00	5.4600E-02
1.8934	0	1.7449E+00	5.4100E-02
1.8944	0	1.7429E+00	5.4600E-02
1.8953	0	1.7145E+00	5.3800E-02
1.8962	0	1.7249E+00	5.3600E-02
1.8971	0	1.7668E+00	5.3900E-02
1.8981	0	1.7904E+00	5.3400E-02
1.8990	0	1.7842E+00	5.3500E-02
1.8999	0	1.7325E+00	5.3900E-02
1.9009	0	1.7386E+00	5.3100E-02
1.9018	0	1.5669E+00	5.4200E-02
1.9027	0	1.7810E+00	5.3500E-02
1.9037	0	1.7057E+00	5.3600E-02
1.9046	0	1.7581E+00	5.3600E-02
1.9055	0	1.6921E+00	5.3700E-02
1.9065	0	1.7350E+00	5.3200E-02
1.9074	0	1.7292E+00	5.3300E-02
1.9084	0	1.7743E+00	5.3100E-02
1.9093	0	1.7699E+00	5.3400E-02
1.9102	0	1.7604E+00	5.2900E-02
1.9112	0	1.7809E+00	5.3300E-02
1.9121	0	1.8305E+00	5.2900E-02
1.9131	0	1.6394E+00	5.3100E-02
1.9140	0	1.6624E+00	5.3200E-02
1.9149	0	1.7871E+00	5.2700E-02
1.9159	0	1.7395E+00	5.3500E-02
1.9168	0	1.8544E+00	5.2000E-02
1.9178	0	1.7634E+00	5.3100E-02
1.9187	0	1.7671E+00	5.2200E-02
1.9197	0	1.7096E+00	5.2800E-02
1.9206	0	1.7186E+00	5.2600E-02
1.9216	0	1.6827E+00	5.2700E-02
1.9225	0	1.6857E+00	5.3100E-02
1.9235	0	1.7577E+00	5.2600E-02
1.9244	0	1.7224E+00	5.2900E-02
1.9254	0	1.8277E+00	5.2600E-02
1.9263	0	1.7041E+00	5.2500E-02
1.9273	0	1.6152E+00	5.2700E-02
1.9282	0	1.7137E+00	5.2600E-02
1.9292	0	1.6708E+00	5.2700E-02
1.9301	0	1.5560E+00	5.2400E-02
1.9311	0	1.6555E+00	5.2300E-02
1.9320	0	1.6960E+00	5.2100E-02
1.9330	0	1.7090E+00	5.2300E-02
1.9339	0	1.7501E+00	5.2000E-02
1.9349	0	1.7202E+00	5.2200E-02
1.9359	0	1.7601E+00	5.2500E-02
1.9368	0	1.7023E+00	5.2100E-02
1.9378	0	1.6991E+00	5.2000E-02
1.9387	0	1.7507E+00	5.1700E-02
1.9397	0	1.7454E+00	5.1900E-02
1.9407	0	1.7500E+00	5.1800E-02
1.9416	0	1.7578E+00	5.1400E-02
1.9426	0	1.6921E+00	5.2300E-02
1.9436	0	1.8043E+00	5.1000E-02
1.9445	0	1.7050E+00	5.1200E-02
1.9455	0	1.6333E+00	5.2000E-02
1.9464	0	1.7488E+00	5.1700E-02
1.9474	0	1.6762E+00	5.1600E-02
1.9484	0	1.7332E+00	5.1200E-02
1.9494	0	1.7593E+00	5.1700E-02
1.9503	0	1.7393E+00	5.1100E-02
1.9513	0	1.6788E+00	5.1700E-02
1.9523	0	1.6759E+00	5.1600E-02
1.9532	0	1.7194E+00	5.1300E-02
1.9542	0	1.6816E+00	5.1700E-02
1.9552	0	1.6233E+00	5.1800E-02
1.9562	0	1.7101E+00	5.1300E-02
1.9571	0	1.7068E+00	5.0900E-02
1.9581	0	1.7219E+00	5.1300E-02
1.9591	0	1.7512E+00	5.0300E-02
1.9601	0	1.6760E+00	5.1400E-02
1.9610	0	1.6818E+00	5.0900E-02
1.9620	0	1.6913E+00	5.0700E-02
1.9630	0	1.7227E+00	5.0700E-02
1.9640	0	1.7136E+00	5.1700E-02
1.9649	0	1.6985E+00	5.1100E-02
1.9659	0	1.6996E+00	5.0500E-02
1.9669	0	1.6457E+00	5.0900E-02
1.9679	0	1.6870E+00	5.1300E-02
1.9689	0	1.6507E+00	5.0900E-02
1.9699	0	1.6700E+00	5.0900E-02
1.9708	0	1.7222E+00	5.1100E-02
1.9718	0	1.7176E+00	5.0800E-02
1.9728	0	1.6200E+00	5.0400E-02
1.9738	0	1.7443E+00	5.0500E-02
1.9748	0	1.6772E+00	5.0600E-02
1.9758	0	1.6507E+00	5.0500E-02
1.9768	0	1.7063E+00	5.0600E-02
1.9778	0	1.7666E+00	5.0100E-02
1.9787	0	1.7085E+00	4.9800E-02
1.9797	0	1.7738E+00	4.9800E-02
1.9807	0	1.7173E+00	5.0000E-02
1.9817	0	1.6185E+00	5.0400E-02
1.9827	0	1.6437E+00	5.0800E-02
1.9837	0	1.7270E+00	5.0100E-02
1.9847	0	1.7089E+00	5.0400E-02
1.9857	0	1.6422E+00	5.0500E-02
1.9867	0	1.6710E+00	4.9900E-02
1.9877	0	1.7028E+00	4.9700E-02
1.9887	0	1.6519E+00	5.0500E-02
1.9897	0	1.7224E+00	4.9800E-02
1.9907	0	1.6207E+00	4.9600E-02
1.9917	0	1.6884E+00	5.0000E-02
1.9927	0	1.6655E+00	4.9800E-02
1.9937	0	1.6656E+00	4.9600E-02
1.9947	0	1.6487E+00	4.9700E-02
1.9957	0	1.7528E+00	4.9500E-02
1.9967	0	1.7906E+00	4.9300E-02
1.9977	0	1.6177E+00	4.9500E-02
1.9987	0	1.7059E+00	4.8800E-02
1.9997	0	1.6889E+00	4.9600E-02
2.0007	0	1.6724E+00	4.9300E-02
2.0017	0	1.6282E+00	4.9700E-02
2.0027	0	1.6883E+00	4.9700E-02
2.0037	0	1.5850E+00	4.9800E-02
2.0048	0	1.7167E+00	4.9300E-02
2.0058	0	1.6996E+00	4.9300E-02
2.0068	0	1.6804E+00	4.9400E-02
2.0078	0	1.6215E+00	4.9200E-02
2.0088	0	1.6263E+00	4.9400E-02
2.0098	0	1.6543E+00	4.9200E-02
2.0108	0	1.6960E+00	4.8500E-02
2.0118	0	1.7225E+00	4.8200E-02
2.0129	0	1.7104E+00	4.8600E-02
2.0139	0	1.6167E+00	4.9100E-02
2.0149	0	1.6691E+00	4.8900E-02
2.0159	0	1.6063E+00	4.9500E-02
2.0169	0	1.6172E+00	4.8900E-02
2.0180	0	1.7303E+00	4.9000E-02
2.0190	0	1.6653E+00	4.9300E-02
2.0200	0	1.7217E+00	4.9100E-02
2.0210	0	1.6567E+00	4.8700E-02
2.0220	0	1.6691E+00	4.9100E-02
2.0231	0	1.6500E+00	4.8900E-02
2.0241	0	1.5955E+00	4.9300E-02
2.0251	0	1.6758E+00	4.9100E-02
2.0261	0	1.6789E+00	4.8500E-02
2.0272	0	1.7228E+00	4.8500E-02
2.0282	0	1.6113E+00	4.8600E-02
2.0292	0	1.6733E+00	4.8500E-02
2.0303	0	1.7720E+00	4.8700E-02
2.0313	0	1.6556E+00	4.9000E-02
2.0323	0	1.5866E+00	4.9200E-02
2.0333	0	1.7354E+00	4.8100E-02
2.0344	0	1.7596E+00	4.8500E-02
2.0354	0	1.7139E+00	4.8400E-02
2.0364	0	1.6672E+00	4.8500E-02
2.0375	0	1.6602E+00	4.8500E-02
2.0385	0	1.6238E+00	4.8200E-02
2.0396	0	1.6735E+00	4.8300E-02
2.0406	0	1.7274E+00	4.7800E-02
2.0416	0	1.6468E+00	4.8200E-02
2.0427	0	1.6885E+00	4.8300E-02
2.0437	0	1.6075E+00	4.7900E-02
2.0447	0	1.6634E+00	4.8300E-02
2.0458	0	1.5954E+00	4.8400E-02
2.0468	0	1.7598E+00	4.8300E-02
2.0479	0	1.7138E+00	4.8200E-02
2.0489	0	1.6854E+00	4.8200E-02
2.0500	0	1.7497E+00	4.8200E-02
2.0510	0	1.6077E+00	4.8900E-02
2.0521	0	1.6709E+00	4.7800E-02
2.0531	0	1.7066E+00	4.8300E-02
2.0541	0	1.6821E+00	4.8000E-02
2.0552	0	1.7446E+00	4.8400E-02
2.0562	0	1.7219E+00	4.7800E-02
2.0573	0	1.6943E+00	4.8100E-02
2.0583	0	1.6957E+00	4.8200E-02
2.0594	0	1.8497E+00	4.8300E-02
2.0604	0	1.7135E+00	4.8300E-02
2.0615	0	1.8545E+00	4.8400E-02
2.0626	0	1.9646E+00	4.8600E-02
2.0636	0	1.9876E+00	4.9000E-02
2.0647	0	2.0487E+00	4.9500E-02
2.0657	0	2.0247E+00	4.9700E-02
2.0668	0	2.1640E+00	5.0300E-02
2.0678	0	2.2929E+00	5.0600E-02
2.0689	0	2.4716E+00	5.0800E-02
2.0700	0	2.6994E+00	5.2900E-02
2.0710	0	3.0991E+00	5.4800E-02
2.0721	0	3.5479E+00	5.7600E-02
2.0731	0	3.8787E+00	6.0900E-02
2.0742	0	4.2477E+00	6.4600E-02
2.0753	0	4.7529E+00	6.9900E-02
2.0763	0	5.0201E+00	7.3200E-02
2.0774	0	5.2230E+00	7.3400E-02
2.0785	0	4.9165E+00	7.0800E-02
2.0795	0	4.5382E+00	6.6200E-02
2.0806	0	4.0511E+00	6.2800E-02
2.0817	0	3.5440E+00	5.8100E-02
2.0827	0	3.3247E+00	5.6900E-02
2.0838	0	2.9650E+00	5.4600E-02
2.0849	0	2.8340E+00	5.2500E-02
2.0860	0	2.6163E+00	5.1600E-02
2.0870	0	2.4557E+00	5.1100E-02
2.0881	0	2.2886E+00	5.0700E-02
2.0892	0	2.2364E+00	4.9900E-02
2.0902	0	2.0520E+00	4.9800E-02
2.0913	0	2.1586E+00	4.9200E-02
2.0924	0	2.0322E+00	4.8500E-02
2.0935	0	2.0424E+00	4.8300E-02
2.0946	0	2.0665E+00	4.8200E-02
2.0956	0	1.9720E+00	4.7900E-02
2.0967	0	1.9428E+00	4.8500E-02
2.0978	0	1.8422E+00	4.8200E-02
2.0989	0	1.8827E+00	4.8000E-02
2.1000	0	1.9182E+00	4.7600E-02
2.1010	0	1.8795E+00	4.7300E-02
2.1021	0	1.8091E+00	4.7400E-02
2.1032	0	1.8581E+00	4.7500E-02
2.1043	0	1.8104E+00	4.7100E-02
2.1054	0	1.8885E+00	4.7200E-02
2.1065	0	1.8075E+00	4.7300E-02
2.1076	0	1.8693E+00	4.6700E-02
2.1087	0	1.7565E+00	4.6800E-02
2.1097	0	1.8409E+00	4.7300E-02
2.1108	0	1.8263E+00	4.7000E-02
2.1119	0	1.8063E+00	4.7300E-02
2.1130	0	1.6542E+00	4.7500E-02
2.1141	0	1.7619E+00	4.6900E-02
2.1152	0	1.7706E+00	4.6600E-02
2.1163	0	1.8005E+00	4.6700E-02
2.1174	0	1.8149E+00	4.6400E-02
2.1185	0	1.8363E+00	4.5900E-02
2.1196	0	1.7566E+00	4.6200E-02
2.1207	0	1.6817E+00	4.6500E-02
2.1218	0	1.6901E+00	4.6200E-02
2.1229	0	1.6694E+00	4.6100E-02
2.1240	0	1.6761E+00	4.6300E-02
2.1251	0	1.7609E+00	4.6400E-02
2.1262	0	1.7407E+00	4.6000E-02
2.1273	0	1.7042E+00	4.6600E-02
2.1284	0	1.7188E+00	4.6400E-02
2.1295	0	1.6172E+00	4.6300E-02
2.1306	0	1.6752E+00	4.6200E-02
2.1317	0	1.6544E+00	4.6000E-02
2.1328	0	1.6957E+00	4.5800E-02
2.1340	0	1.6533E+00	4.6600E-02
2.1351	0	1.7183E+00	4.6100E-02
2.1362	0	1.6856E+00	4.5900E-02
2.1373	0	1.6943E+00	4.6100E-02
2.1384	0	1.7305E+00	4.5700E-02
2.1395	0	1.7692E+00	4.5700E-02
2.1406	0	1.6788E+00	4.6000E-02
2.1417	0	1.6279E+00	4.6100E-02
2.1429	0	1.6542E+00	4.6100E-02
2.1440	0	1.7365E+00	4.5700E-02
2.1451	0	1.6994E+00	4.5900E-02
2.1462	0	1.6653E+00	4.6000E-02
2.1473	0	1.7181E+00	4.5700E-02
2.1485	0	1.5963E+00	4.5900E-02
2.1496	0	1.6880E+00	4.5400E-02
2.1507	0	1.6187E+00	4.5500E-02
2.1518	0	1.6411E+00	4.5600E-02
2.1529	0	1.6571E+00	4.5200E-02
2.1541	0	1.6811E+00	4.5100E-02
2.1552	0	1.6577E+00	4.5300E-02
2.1563	0	1.6826E+00	4.5500E-02
2.1574	0	1.6679E+00	4.5000E-02
2.1586	0	1.6466E+00	4.5200E-02
2.1597	0	1.7092E+00	4.5300E-02
2.1608	0	1.6717E+00	4.5100E-02
2.1620	0	1.6669E+00	4.5300E-02
2.1631	0	1.6743E+00	4.5500E-02
2.1642	0	1.7564E+00	4.5100E-02
2.1654	0	1.6730E+00	4.5200E-02
2.1665	0	1.6123E+00	4.5300E-02
2.1676	0	1.6828E+00	4.4800E-02
2.1688	0	1.6412E+00	4.5100E-02
2.1699	0	1.6366E+00	4.5100E-02
2.1710	0	1.6013E+00	4.5200E-02
2.1722	0	1.6990E+00	4.4800E-02
2.1733	0	1.6611E+00	4.4800E-02
2.1745	0	1.7101E+00	4.4600E-02
2.1756	0	1.6532E+00	4.4500E-02
2.1768	0	1.6661E+00	4.4900E-02
2.1779	0	1.6183E+00	4.4800E-02
2.1790	0	1.6512E+00	4.4700E-02
2.1802	0	1.5895E+00	4.4900E-02
2.1813	0	1.7054E+00	4.4500E-02
2.1825	0	1.6302E+00	4.4500E-02
2.1836	0	1.6038E+00	4.4800E-02
2.1848	0	1.5954E+00	4.4700E-02
2.1859	0	1.5830E+00	4.4700E-02
2.1871	0	1.5786E+00	4.4400E-02
2.1882	0	1.7062E+00	4.4200E-02
2.1894	0	1.6676E+00	4.4600E-02
2.1905	0	1.6624E+00	4.4300E-02
2.1917	0	1.6837E+00	4.4300E-02
2.1928	0	1.7162E+00	4.4400E-02
2.1940	0	1.6087E+00	4.4600E-02
2.1952	0	1.6518E+00	4.4500E-02
2.1963	0	1.6590E+00	4.4500E-02
2.1975	0	1.5998E+00	4.4300E-02
2.1986	0	1.6791E+00	4.4300E-02
2.1998	0	1.6008E+00	4.4700E-02
2.2010	0	1.5650E+00	4.4500E-02
2.2021	0	1.6596E+00	4.4100E-02
2.2033	0	1.5437E+00	4.4200E-02
2.2045	0	1.5237E+00	4.4000E-02
2.2056	0	1.6333E+00	4.4100E-02
2.2068	0	1.6299E+00	4.4000E-02
2.2080	0	1.5857E+00	4.4000E-02
2.2091	0	1.5448E+00	4.4100E-02
2.2103	0	1.6961E+00	4.4400E-02
2.2115	0	1.6079E+00	4.4200E-02
2.2126	0	1.6832E+00	4.4100E-02
2.2138	0	1.6182E+00	4.4200E-02
2.2150	0	1.5710E+00	4.4300E-02
2.2162	0	1.5501E+00	4.4200E-02
2.2173	0	1.6531E+00	4.4000E-02
2.2185	0	1.6449E+00	4.3700E-02
2.2197	0	1.6814E+00	4.3700E-02
2.2209	0	1.6645E+00	4.4200E-02
2.2220	0	1.5768E+00	4.4000E-02
2.2232	0	1.6366E+00	4.3500E-02
2.2244	0	1.7164E+00	4.3600E-02
2.2256	0	1.6313E+00	4.3900E-02
2.2268	0	1.5556E+00	4.4000E-02
2.2279	0	1.6208E+00	4.3600E-02
2.2291	0	1.6551E+00	4.3700E-02
2.2303	0	1.6180E+00	4.3800E-02
2.2315	0	1.6192E+00	4.3500E-02
2.2327	0	1.5950E+00	4.3700E-02
2.2339	0	1.6516E+00	4.3200E-02
2.2351	0	1.5909E+00	4.3300E-02
2.2363	0	1.6247E+00	4.3500E-02
2.2374	0	1.5510E+00	4.3500E-02
2.2386	0	1.6247E+00	4.3400E-02
2.2398	0	1.6455E+00	4.3600E-02
2.2410	0	1.5919E+00	4.3800E-02
2.2422	0	1.6076E+00	4.3700E-02
2.2434	0	1.5963E+00	4.3500E-02
2.2446	0	1.5488E+00	4.3500E-02
2.2458	0	1.5599E+00	4.3600E-02
2.2470	0	1.5392E+00	4.3300E-02
2.2482	0	1.6425E+00	4.3000E-02
2.2494	0	1.5987E+00	4.3000E-02
2.2506	0	1.5865E+00	4.3100E-02
2.2518	0	1.6142E+00	4.3000E-02
2.2530	0	1.6427E+00	4.2800E-02
2.2542	0	1.6213E+00	4.2700E-02
2.2554	0	1.6234E+00	4.2400E-02
2.2566	0	1.6028E+00	4.3000E-02
2.2578	0	1.5859E+00	4.2900E-02
2.2590	0	1.6466E+00	4.2900E-02
2.2603	0	1.6976E+00	4.2800E-02
2.2615	0	1.5968E+00	4.3000E-02
2.2627	0	1.6947E+00	4.2600E-02
2.2639	0	1.5868E+00	4.2800E-02
2.2651	0	1.6043E+00	4.2300E-02
2.2663	0	1.5562E+00	4.2800E-02
2.2675	0	1.5910E+00	4.2600E-02
2.2687	0	1.5708E+00	4.2200E-02
2.2700	0	1.5363E+00	4.2500E-02
2.2712	0	1.6140E+00	4.2300E-02
2.2724	0	1.6274E+00	4.2200E-02
2.2736	0	1.5409E+00	4.2400E-02
2.2748	0	1.6509E+00	4.1900E-02
2.2761	0	1.6437E+00	4.1900E-02
2.2773	0	1.5830E+00	4.2200E-02
2.2785	0	1.6553E+00	4.2100E-02
2.2797	0	1.6083E+00	4.2700E-02
2.2810	0	1.5733E+00	4.2100E-02
2.2822	0	1.6155E+00	4.2000E-02
2.2834	0	1.5644E+00	4.2300E-02
2.2846	0	1.6298E+00	4.2100E-02
2.2859	0	1.6311E+00	4.2300E-02
2.2871	0	1.5517E+00	4.2500E-02
2.2883	0	1.4880E+00	4.2300E-02
2.2896	0	1.6023E+00	4.2000E-02
2.2908	0	1.5798E+00	4.2100E-02
2.2920	0	1.6007E+00	4.2000E-02
2.2933	0	1.5301E+00	4.1700E-02
2.2945	0	1.6395E+00	4.1900E-02
2.2958	0	1.5460E+00	4.2000E-02
2.2970	0	1.6337E+00	4.2000E-02
2.2982	0	1.6294E+00	4.1800E-02
2.2995	0	1.6034E+00	4.1900E-02
2.3007	0	1.6063E+00	4.2000E-02
2.3020	0	1.6130E+00	4.1700E-02
2.3032	0	1.5849E+00	4.1900E-02
2.3044	0	1.6566E+00	4.2100E-02
2.3057	0	1.6325E+00	4.1700E-02
2.3069	0	1.5937E+00	4.1700E-02
2.3082	0	1.6055E+00	4.1700E-02
2.3094	0	1.6242E+00	4.1700E-02
2.3107	0	1.5836E+00	4.1900E-02
2.3119	0	1.6461E+00	4.1600E-02
2.3132	0	1.5796E+00	4.1700E-02
2.3144	0	1.5574E+00	4.1700E-02
2.3157	0	1.5933E+00	4.1800E-02
2.3170	0	1.5927E+00	4.1700E-02
2.3182	0	1.5924E+00	4.1500E-02
2.3195	0	1.6014E+00	4.1400E-02
2.3207	0	1.5713E+00	4.1600E-02
2.3220	0	1.6108E+00	4.1300E-02
2.3232	0	1.5305E+00	4.1400E-02
2.3245	0	1.6127E+00	4.1100E-02
2.3258	0	1.6007E+00	4.1000E-02
2.3270	0	1.5640E+00	4.1100E-02
2.3283	0	1.5195E+00	4.1200E-02
2.3296	0	1.5586E+00	4.1300E-02
2.3308	0	1.6746E+00	4.0900E-02
2.3321	0	1.6705E+00	4.0800E-02
2.3334	0	1.5602E+00	4.1000E-02
2.3346	0	1.5631E+00	4.1200E-02
2.3359	0	1.6080E+00	4.1100E-02
2.3372	0	1.5690E+00	4.1200E-02
2.3384	0	1.5107E+00	4.1200E-02
2.3397	0	1.6339E+00	4.1000E-02
2.3410	0	1.5788E+00	4.0800E-02
2.3423	0	1.5607E+00	4.0800E-02
2.3435	0	1.5938E+00	4.1000E-02
2.3448	0	1.6045E+00	4.0300E-02
2.3461	0	1.5287E+00	4.0700E-02
2.3474	0	1.5814E+00	4.0800E-02
2.3487	0	1.5815E+00	4.0700E-02
2.3499	0	1.5891E+00	4.0700E-02
2.3512	0	1.6176E+00	4.0900E-02
2.3525	0	1.6360E+00	4.1100E-02
2.3538	0	1.5595E+00	4.1000E-02
2.3551	0	1.6447E+00	4.0900E-02
2.3564	0	1.6115E+00	4.0900E-02
2.3577	0	1.5585E+00	4.0800E-02
2.3590	0	1.5346E+00	4.0400E-02
2.3602	0	1.5863E+00	4.0300E-02
2.3615	0	1.5709E+00	4.0200E-02
2.3628	0	1.6512E+00	3.9700E-02
2.3641	0	1.5155E+00	4.0400E-02
2.3654	0	1.5698E+00	4.0100E-02
2.3667	0	1.5742E+00	4.0300E-02
2.3680	0	1.5537E+00	4.0600E-02
2.3693	0	1.5901E+00	4.1000E-02
2.3706	0	1.6301E+00	4.0500E-02
2.3719	0	1.6462E+00	4.0600E-02
2.3732	0	1.5046E+00	4.1000E-02
2.3745	0	1.6230E+00	4.0600E-02
2.3758	0	1.5357E+00	4.0100E-02
2.3771	0	1.5387E+00	4.0600E-02
2.3784	0	1.6139E+00	3.9900E-02
2.3797	0	1.6053E+00	3.9900E-02
2.3810	0	1.5731E+00	4.0100E-02
2.3823	0	1.5606E+00	3.9900E-02
2.3837	0	1.5033E+00	3.9900E-02
2.3850	0	1.6200E+00	3.9600E-02
2.3863	0	1.6048E+00	3.9400E-02
2.3876	0	1.6224E+00	3.9900E-02
2.3889	0	1.6208E+00	4.0000E-02
2.3902	0	1.6003E+00	3.9600E-02
2.3915	0	1.5530E+00	4.0100E-02
2.3929	0	1.6132E+00	4.0100E-02
2.3942	0	1.5714E+00	4.0500E-02
2.3955	0	1.5654E+00	4.0200E-02
2.3968	0	1.4957E+00	4.0200E-02
2.3981	0	1.5597E+00	4.0200E-02
2.3995	0	1.6530E+00	3.9400E-02
2.4008	0	1.5629E+00	4.0000E-02
2.4021	0	1.5816E+00	3.9600E-02
2.4034	0	1.5751E+00	3.9700E-02
2.4048	0	1.6495E+00	3.9400E-02
2.4061	0	1.4934E+00	3.9600E-02
2.4074	0	1.5459E+00	3.9600E-02
2.4087	0	1.5673E+00	3.9500E-02
2.4101	0	1.5932E+00	3.9400E-02
2.4114	0	1.5490E+00	3.9700E-02
2.4127	0	1.5880E+00	3.9800E-02
2.4141	0	1.5126E+00	4.0100E-02
2.4154	0	1.5614E+00	4.0000E-02
2.4168	0	1.5775E+00	3.9800E-02
2.4181	0	1.5747E+00	3.9600E-02
2.4194	0	1.4594E+00	3.9700E-02
2.4208	0	1.6010E+00	3.9300E-02
2.4221	0	1.5471E+00	3.9200E-02
2.4235	0	1.5841E+00	3.9200E-02
2.4248	0	1.6098E+00	3.9200E-02
2.4261	0	1.6147E+00	3.8700E-02
2.4275	0	1.5356E+00	3.9000E-02
2.4288	0	1.6330E+00	3.8900E-02
2.4302	0	1.5678E+00	3.9500E-02
2.4315	0	1.6025E+00	3.9200E-02
2.4329	0	1.6008E+00	3.9300E-02
2.4342	0	1.5986E+00	3.9300E-02
2.4356	0	1.6446E+00	3.9200E-02
2.4369	0	1.5776E+00	3.9300E-02
2.4383	0	1.5925E+00	3.9100E-02
2.4397	0	1.5478E+00	3.9200E-02
2.4410	0	1.5563E+00	3.9000E-02
2.4424	0	1.5414E+00	3.9300E-02
2.4437	0	1.5808E+00	3.9200E-02
2.4451	0	1.5287E+00	3.9100E-02
2.4465	0	1.5402E+00	3.9200E-02
2.4478	0	1.6248E+00	3.8900E-02
2.4492	0	1.5899E+00	3.8900E-02
2.4505	0	1.6315E+00	3.8600E-02
2.4519	0	1.5812E+00	3.8800E-02
2.4533	0	1.5481E+00	3.9000E-02
2.4546	0	1.5530E+00	3.9100E-02
2.4560	0	1.5537E+00	3.8900E-02
2.4574	0	1.5866E+00	3.8500E-02
2.4588	0	1.5610E+00	3.8900E-02
2.4601	0	1.6060E+00	3.8900E-02
2.4615	0	1.5730E+00	3.8700E-02
2.4629	0	1.5367E+00	3.8700E-02
2.4643	0	1.5732E+00	3.8300E-02
2.4656	0	1.6315E+00	3.8400E-02
2.4670	0	1.6513E+00	3.8500E-02
2.4684	0	1.5775E+00	3.8300E-02
2.4698	0	1.6089E+00	3.8600E-02
2.4712	0	1.5505E+00	3.8500E-02
2.4725	0	1.5792E+00	3.8700E-02
2.4739	0	1.5606E+00	3.8600E-02
2.4753	0	1.6034E+00	3.8500E-02
2.4767	0	1.6216E+00	3.8500E-02
2.4781	0	1.6182E+00	3.8600E-02
2.4795	0	1.6057E+00	3.8400E-02
2.4809	0	1.5802E+00	3.8900E-02
2.4823	0	1.5158E+00	3.8700E-02
2.4837	0	1.6174E+00	3.8200E-02
2.4851	0	1.5701E+00	3.8400E-02
2.4865	0	1.5280E+00	3.8200E-02
2.4878	0	1.5591E+00	3.8100E-02
2.4892	0	1.5309E+00	3.8100E-02
2.4906	0	1.6312E+00	3.8200E-02
2.4920	0	1.5166E+00	3.8200E-02
2.4934	0	1.6082E+00	3.8000E-02
2.4948	0	1.5361E+00	3.8200E-02
2.4963	0	1.6049E+00	3.8300E-02
2.4977	0	1.4861E+00	3.8300E-02
2.4991	0	1.6122E+00	3.8100E-02
2.5005	0	1.6239E+00	3.8200E-02
2.5019	0	1.6257E+00	3.8300E-02
2.5033	0	1.6350E+00	3.8100E-02
2.5047	0	1.5462E+00	3.8400E-02
2.5061	0	1.6424E+00	3.8100E-02
2.5075	0	1.6046E+00	3.8100E-02
2.5089	0	1.6048E+00	3.8000E-02
2.5104	0	1.5842E+00	3.7900E-02
2.5118	0	1.5836E+00	3.8000E-02
2.5132	0	1.6325E+00	3.7800E-02
2.5146	0	1.5414E+00	3.7700E-02
2.5160	0	1.6522E+00	3.7700E-02
2.5175	0	1.6819E+00	3.7500E-02
2.5189	0	1.6012E+00	3.7700E-02
2.5203	0	1.5146E+00	3.7800E-02
2.5217	0	1.6200E+00	3.7900E-02
2.5232	0	1.6262E+00	3.7900E-02
2.5246	0	1.5545E+00	3.7900E-02
2.5260	0	1.5601E+00	3.7800E-02
2.5274	0	1.5654E+00	3.8000E-02
2.5289	0	1.5985E+00	3.7500E-02
2.5303	0	1.5864E+00	3.7700E-02
2.5317	0	1.6243E+00	3.7500E-02
2.5332	0	1.5724E+00	3.7400E-02
2.5346	0	1.5868E+00	3.7500E-02
2.5360	0	1.6436E+00	3.7100E-02
2.5375	0	1.5868E+00	3.7500E-02
2.5389	0	1.6569E+00	3.7300E-02
2.5404	0	1.5694E+00	3.7500E-02
2.5418	0	1.6128E+00	3.7400E-02
2.5433	0	1.5792E+00	3.7400E-02
2.5447	0	1.5937E+00	3.7500E-02
2.5461	0	1.6259E+00	3.7000E-02
2.5476	0	1.5610E+00	3.7400E-02
2.5490	0	1.5652E+00	3.7300E-02
2.5505	0	1.6022E+00	3.7100E-02
2.5519	0	1.5812E+00	3.7500E-02
2.5534	0	1.5989E+00	3.7300E-02
2.5548	0	1.5835E+00	3.7200E-02
2.5563	0	1.6043E+00	3.7100E-02
2.5578	0	1.5915E+00	3.7200E-02
2.5592	0	1.6207E+00	3.7000E-02
2.5607	0	1.5875E+00	3.7300E-02
2.5621	0	1.6328E+00	3.7100E-02
2.5636	0	1.5571E+00	3.7000E-02
2.5651	0	1.6229E+00	3.6700E-02
2.5665	0	1.5646E+00	3.7000E-02
2.5680	0	1.6211E+00	3.7100E-02
2.5694	0	1.5629E+00	3.7000E-02
2.5709	0	1.6265E+00	3.7000E-02
2.5724	0	1.6472E+00	3.6700E-02
2.5739	0	1.6408E+00	3.6900E-02
2.5753	0	1.6025E+00	3.6900E-02
2.5768	0	1.6644E+00	3.6800E-02
2.5783	0	1.6214E+00	3.6700E-02
2.5797	0	1.6159E+00	3.7000E-02
2.5812	0	1.6502E+00	3.6800E-02
2.5827	0	1.5780E+00	3.6900E-02
2.5842	0	1.5493E+00	3.6900E-02
2.5857	0	1.6008E+00	3.7000E-02
2.5871	0	1.6446E+00	3.6900E-02
2.5886	0	1.6300E+00	3.6900E-02
2.5901	0	1.5935E+00	3.6600E-02
2.5916	0	1.6639E+00	3.6500E-02
2.5931	0	1.6003E+00	3.6800E-02
2.5946	0	1.6694E+00	3.6600E-02
2.5961	0	1.6171E+00	3.6700E-02
2.5975	0	1.6596E+00	3.6400E-02
2.5990	0	1.5584E+00	3.6400E-02
2.6005	0	1.7188E+00	3.6400E-02
2.6020	0	1.6247E+00	3.6300E-02
2.6035	0	1.6424E+00	3.6400E-02
2.6050	0	1.6452E+00	3.6200E-02
2.6065	0	1.5725E+00	3.6400E-02
2.6080	0	1.6796E+00	3.6200E-02
2.6095	0	1.6566E+00	3.6500E-02
2.6110	0	1.5632E+00	3.6400E-02
2.6125	0	1.6693E+00	3.6400E-02
2.6140	0	1.6081E+00	3.6500E-02
2.6155	0	1.6666E+00	3.6600E-02
2.6170	0	1.6618E+00	3.6200E-02
2.6185	0	1.6978E+00	3.6300E-02
2.6201	0	1.6155E+00	3.6300E-02
2.6216	0	1.6263E+00	3.6400E-02
2.6231	0	1.7172E+00	3.6000E-02
2.6246	0	1.6051E+00	3.6200E-02
2.6261	0	1.6145E+00	3.6100E-02
2.6276	0	1.6683E+00	3.6100E-02
2.6291	0	1.6481E+00	3.6000E-02
2.6307	0	1.6149E+00	3.6300E-02
2.6322	0	1.6310E+00	3.6000E-02
2.6337	0	1.6633E+00	3.6000E-02
2.6352	0	1.6225E+00	3.5900E-02
2.6367	0	1.6106E+00	3.6100E-02
2.6383	0	1.6316E+00	3.5900E-02
2.6398	0	1.6033E+00	3.5900E-02
2.6413	0	1.6076E+00	3.6000E-02
2.6429	0	1.6437E+00	3.5700E-02
2.6444	0	1.6217E+00	3.6100E-02
2.6459	0	1.6996E+00	3.5900E-02
2.6475	0	1.6837E+00	3.5900E-02
2.6490	0	1.6861E+00	3.5800E-02
2.6505	0	1.6604E+00	3.5900E-02
2.6521	0	1.7125E+00	3.5800E-02
2.6536	0	1.7318E+00	3.5900E-02
2.6551	0	1.6272E+00	3.5700E-02
2.6567	0	1.6453E+00	3.5800E-02
2.6582	0	1.7703E+00	3.5400E-02
2.6598	0	1.7115E+00	3.5700E-02
2.6613	0	1.6894E+00	3.5800E-02
2.6629	0	1.7267E+00	3.5800E-02
2.6644	0	1.6937E+00	3.5600E-02
2.6660	0	1.6649E+00	3.5800E-02
2.6675	0	1.6803E+00	3.5800E-02
2.6691	0	1.7074E+00	3.5800E-02
2.6706	0	1.7521E+00	3.5700E-02
2.6722	0	1.6521E+00	3.5700E-02
2.6737	0	1.6707E+00	3.5500E-02
2.6753	0	1.7000E+00	3.5500E-02
2.6768	0	1.7819E+00	3.5600E-02
2.6784	0	1.6775E+00	3.5800E-02
2.6800	0	1.6934E+00	3.5600E-02
2.6815	0	1.6532E+00	3.5400E-02
2.6831	0	1.7325E+00	3.5400E-02
2.6847	0	1.7447E+00	3.5500E-02
2.6862	0	1.7440E+00	3.5400E-02
2.6878	0	1.7387E+00	3.5300E-02
2.6894	0	1.7042E+00	3.5300E-02
2.6909	0	1.7724E+00	3.5500E-02
2.6925	0	1.6795E+00	3.5900E-02
2.6941	0	1.7353E+00	3.5700E-02
2.6957	0	1.7503E+00	3.5600E-02
2.6972	0	1.7790E+00	3.5300E-02
2.6988	0	1.7074E+00	3.5500E-02
2.7004	0	1.6102E+00	3.5700E-02
2.7020	0	1.7759E+00	3.5400E-02
2.7036	0	1.7679E+00	3.5200E-02
2.7051	0	1.6975E+00	3.5300E-02
2.7067	0	1.7355E+00	3.5300E-02
2.7083	0	1.7568E+00	3.5500E-02
2.7099	0	1.7156E+00	3.5300E-02
2.7115	0	1.7788E+00	3.5200E-02
2.7131	0	1.7452E+00	3.5400E-02
2.7147	0	1.7621E+00	3.5200E-02
2.7163	0	1.7211E+00	3.5400E-02
2.7179	0	1.7825E+00	3.5300E-02
2.7195	0	1.7313E+00	3.5400E-02
2.7211	0	1.6994E+00	3.5300E-02
2.7227	0	1.7496E+00	3.5200E-02
2.7243	0	1.7405E+00	3.5100E-02
2.7259	0	1.8276E+00	3.5000E-02
2.7275	0	1.7256E+00	3.5300E-02
2.7291	0	1.7917E+00	3.5000E-02
2.7307	0	1.7949E+00	3.4900E-02
2.7323	0	1.7382E+00	3.5200E-02
2.7339	0	1.7533E+00	3.5000E-02
2.7355	0	1.8037E+00	3.4900E-02
2.7371	0	1.7619E+00	3.4900E-02
2.7387	0	1.8072E+00	3.4800E-02
2.7403	0	1.8351E+00	3.5000E-02
2.7420	0	1.8133E+00	3.4800E-02
2.7436	0	1.8158E+00	3.4800E-02
2.7452	0	1.8362E+00	3.4700E-02
2.7468	0	1.7755E+00	3.4900E-02
2.7484	0	1.8658E+00	3.4800E-02
2.7501	0	1.8053E+00	3.4800E-02
2.7517	0	1.8267E+00	3.4800E-02
2.7533	0	1.8402E+00	3.4600E-02
2.7549	0	1.8555E+00	3.4500E-02
2.7566	0	1.8024E+00	3.4600E-02
2.7582	0	1.8659E+00	3.4700E-02
2.7598	0	1.7570E+00	3.4600E-02
2.7615	0	1.9159E+00	3.4500E-02
2.7631	0	1.8586E+00	3.4600E-02
2.7647	0	1.8853E+00	3.4700E-02
2.7664	0	1.8855E+00	3.4300E-02
2.7680	0	1.8084E+00	3.4600E-02
2.7697	0	1.8658E+00	3.4600E-02
2.7713	0	1.8611E+00	3.4600E-02
2.7729	0	1.9156E+00	3.4500E-02
2.7746	0	1.8708E+00	3.4500E-02
2.7762	0	1.8598E+00	3.4900E-02
2.7779	0	1.9172E+00	3.4400E-02
2.7795	0	1.8743E+00	3.4600E-02
2.7812	0	1.8845E+00	3.4600E-02
2.7828	0	1.8896E+00	3.4500E-02
2.7845	0	1.8879E+00	3.4400E-02
2.7861	0	1.8730E+00	3.4500E-02
2.7878	0	1.8441E+00	3.4500E-02
2.7895	0	1.8992E+00	3.4600E-02
2.7911	0	1.8926E+00	3.4600E-02
2.7928	0	1.9552E+00	3.4400E-02
2.7944	0	2.0250E+00	3.4400E-02
2.7961	0	1.9253E+00	3.4500E-02
2.7978	0	1.9408E+00	3.4300E-02
2.7994	0	1.9865E+00	3.4500E-02
2.8011	0	1.9688E+00	3.4500E-02
2.8028	0	1.9345E+00	3.4300E-02
2.8045	0	2.0334E+00	3.4300E-02
2.8061	0	2.0719E+00	3.4500E-02
2.8078	0	2.1223E+00	3.4500E-02
2.8095	0	2.1690E+00	3.4500E-02
2.8112	0	2.2826E+00	3.5100E-02
2.8128	0	2.5026E+00	3.5600E-02
2.8145	0	2.6815E+00	3.6500E-02
2.8162	0	2.6681E+00	3.6500E-02
2.8179	0	2.4446E+00	3.6100E-02
2.8196	0	2.3154E+00	3.5200E-02
2.8213	0	2.0950E+00	3.4800E-02
2.8229	0	2.1509E+00	3.4400E-02
2.8246	0	2.0229E+00	3.4400E-02
2.8263	0	2.0662E+00	3.4200E-02
2.8280	0	2.0476E+00	3.4400E-02
2.8297	0	2.0431E+00	3.4400E-02
2.8314	0	2.0708E+00	3.4200E-02
2.8331	0	2.0400E+00	3.4400E-02
2.8348	0	2.0951E+00	3.4300E-02
2.8365	0	2.1120E+00	3.4000E-02
2.8382	0	2.1696E+00	3.4200E-02
2.8399	0	2.0514E+00	3.4300E-02
2.8416	0	2.1215E+00	3.4200E-02
2.8433	0	2.1373E+00	3.4100E-02
2.8450	0	2.1145E+00	3.4100E-02
2.8467	0	2.1566E+00	3.4200E-02
2.8485	0	2.1962E+00	3.4300E-02
2.8502	0	2.1489E+00	3.4100E-02
2.8519	0	2.1456E+00	3.4300E-02
2.8536	0	2.1944E+00	3.4400E-02
2.8553	0	2.2352E+00	3.4300E-02
2.8570	0	2.1507E+00	3.4400E-02
2.8588	0	2.2641E+00	3.4300E-02
2.8605	0	2.3085E+00	3.4400E-02
2.8622	0	2.2342E+00	3.4400E-02
2.8639	0	2.3121E+00	3.4300E-02
2.8657	0	2.2769E+00	3.4100E-02
2.8674	0	2.3323E+00	3.4100E-02
2.8691	0	2.2231E+00	3.4400E-02
2.8708	0	2.3586E+00	3.4400E-02
2.8726	0	2.3199E+00	3.4400E-02
2.8743	0	2.3170E+00	3.4500E-02
2.8761	0	2.3686E+00	3.4100E-02
2.8778	0	2.3635E+00	3.4400E-02
2.8795	0	2.3524E+00	3.4600E-02
2.8813	0	2.3650E+00	3.4500E-02
2.8830	0	2.3974E+00	3.4400E-02
2.8848	0	2.4270E+00	3.4500E-02
2.8865	0	2.4885E+00	3.4600E-02
2.8883	0	2.4106E+00	3.4500E-02
2.8900	0	2.5187E+00	3.4200E-02
2.8918	0	2.4508E+00	3.4400E-02
2.8935	0	2.5136E+00	3.4400E-02
2.8953	0	2.5603E+00	3.4700E-02
2.8970	0	2.5628E+00	3.4500E-02
2.8988	0	2.6045E+00	3.4700E-02
2.9005	0	2.6482E+00	3.4900E-02
2.9023	0	2.6431E+00	3.4700E-02
2.9041	0	2.7139E+00	3.4700E-02
2.9058	0	2.6695E+00	3.4600E-02
2.9076	0	2.6849E+00	3.4900E-02
2.9093	0	2.7499E+00	3.4800E-02
2.9111	0	2.7457E+00	3.4800E-02
2.9129	0	2.8872E+00	3.4900E-02
2.9147	0	2.9063E+00	3.5300E-02
2.9164	0	2.8202E+00	3.5000E-02
2.9182	0	2.9029E+00	3.5300E-02
2.9200	0	2.8510E+00	3.5000E-02
2.9218	0	2.9379E+00	3.5200E-02
2.9235	0	2.9202E+00	3.5200E-02
2.9253	0	3.0766E+00	3.5000E-02
2.9271	0	3.0098E+00	3.5100E-02
2.9289	0	3.0550E+00	3.5500E-02
2.9307	0	3.0828E+00	3.5400E-02
2.9325	0	3.1515E+00	3.5700E-02
2.9343	0	3.1508E+00	3.5700E-02
2.9360	0	3.1466E+00	3.6000E-02
2.9378	0	3.1918E+00	3.5900E-02
2.9396	0	3.1219E+00	3.6000E-02
2.9414	0	3.2333E+00	3.5900E-02
2.9432	0	3.1409E+00	3.5800E-02
2.9450	0	3.1548E+00	3.5700E-02
2.9468	0	3.1074E+00	3.5500E-02
2.9486	0	3.1399E+00	3.5600E-02
2.9504	0	3.1672E+00	3.5500E-02
2.9522	0	3.0385E+00	3.5000E-02
2.9540	0	2.9808E+00	3.5200E-02
2.9559	0	3.0027E+00	3.5000E-02
2.9577	0	2.9162E+00	3.4700E-02
2.9595	0	2.8469E+00	3.4600E-02
2.9613	0	2.8154E+00	3.4400E-02
2.9631	0	2.6542E+00	3.4100E-02
2.9649	0	2.5882E+00	3.3800E-02
2.9667	0	2.5464E+00	3.3100E-02
2.9686	0	2.4048E+00	3.3000E-02
2.9704	0	2.3191E+00	3.2400E-02
2.9722	0	2.1404E+00	3.2000E-02
2.9740	0	1.9963E+00	3.1600E-02
2.9759	0	1.9445E+00	3.1100E-02
2.9777	0	1.8837E+00	3.0900E-02
2.9795	0	1.7783E+00	3.0700E-02
2.9814	0	1.6978E+00	3.0400E-02
2.9832	0	1.6186E+00	3.0300E-02
2.9850	0	1.5511E+00	3.0100E-02
2.9869	0	1.4915E+00	3.0000E-02
2.9887	0	1.4388E+00	2.9700E-02
2.9906	0	1.3471E+00	2.9800E-02
2.9924	0	1.3177E+00	2.9800E-02
2.9942	0	1.3036E+00	2.9600E-02
2.9961	0	1.2004E+00	2.9700E-02
2.9979	0	1.1995E+00	2.9400E-02
2.9998	0	1.1813E+00	2.9200E-02
3.0016	0	1.2063E+00	2.9200E-02
3.0035	0	1.1859E+00	2.9100E-02
3.0053	0	1.1327E+00	2.9100E-02
3.0072	0	1.1531E+00	2.9000E-02
3.0091	0	1.1269E+00	2.9200E-02
3.0109	0	1.1949E+00	2.9000E-02
3.0128	0	1.1682E+00	2.8900E-02
3.0146	0	1.1834E+00	2.8900E-02
3.0165	0	1.1397E+00	2.9000E-02
3.0184	0	1.1795E+00	2.9200E-02
3.0202	0	1.1603E+00	2.9100E-02
3.0221	0	1.1394E+00	2.9100E-02
3.0240	0	1.2219E+00	2.9000E-02
3.0259	0	1.1825E+00	2.9200E-02
3.0277	0	1.2195E+00	2.8900E-02
3.0296	0	1.1508E+00	2.9000E-02
3.0315	0	1.2025E+00	2.8800E-02
3.0334	0	1.1989E+00	2.8900E-02
3.0353	0	1.2060E+00	2.8900E-02
3.0371	0	1.2181E+00	2.9000E-02
3.0390	0	1.2509E+00	2.9000E-02
3.0409	0	1.2201E+00	2.9100E-02
3.0428	0	1.1889E+00	2.9100E-02
3.0447	0	1.2616E+00	2.9100E-02
3.0466	0	1.2241E+00	2.9200E-02
3.0485	0	1.3039E+00	2.9200E-02
3.0504	0	1.3789E+00	2.9000E-02
3.0523	0	1.3565E+00	2.9200E-02
3.0542	0	1.3027E+00	2.9300E-02
3.0561	0	1.3468E+00	2.9100E-02
3.0580	0	1.2811E+00	2.9100E-02
3.0599	0	1.3265E+00	2.9100E-02
3.0618	0	1.3614E+00	2.9400E-02
3.0637	0	1.3291E+00	2.9200E-02
3.0656	0	1.3530E+00	2.9300E-02
3.0675	0	1.3805E+00	2.9100E-02
3.0695	0	1.4222E+00	2.9400E-02
3.0714	0	1.4277E+00	2.9300E-02
3.0733	0	1.3772E+00	2.9500E-02
3.0752	0	1.4494E+00	2.9300E-02
3.0771	0	1.4095E+00	2.9500E-02
3.0791	0	1.4449E+00	2.9500E-02
3.0810	0	1.3971E+00	2.9300E-02
3.0829	0	1.4688E+00	2.9400E-02
3.0848	0	1.4719E+00	2.9400E-02
3.0868	0	1.5131E+00	2.9300E-02
3.0887	0	1.5088E+00	2.9200E-02
3.0906	0	1.4815E+00	2.9500E-02
3.0926	0	1.5070E+00	2.9300E-02
3.0945	0	1.4753E+00	2.9500E-02
3.0965	0	1.5081E+00	2.9400E-02
3.0984	0	1.5069E+00	2.9500E-02
3.1003	0	1.5266E+00	2.9500E-02
3.1023	0	1.5353E+00	2.9400E-02
3.1042	0	1.5452E+00	2.9400E-02
3.1062	0	1.5731E+00	2.9400E-02
3.1081	0	1.5562E+00	2.9700E-02
3.1101	0	1.5835E+00	2.9400E-02
3.1120	0	1.5768E+00	2.9400E-02
3.1140	0	1.5823E+00	2.9500E-02
3.1160	0	1.6491E+00	2.9400E-02
3.1179	0	1.6239E+00	2.9600E-02
3.1199	0	1.6625E+00	2.9400E-02
3.1218	0	1.6090E+00	2.9700E-02
3.1238	0	1.6788E+00	2.9500E-02
3.1258	0	1.6566E+00	2.9500E-02
3.1277	0	1.7047E+00	2.9400E-02
3.1297	0	1.6406E+00	2.9600E-02
3.1317	0	1.7111E+00	2.9600E-02
3.1337	0	1.6329E+00	2.9600E-02
3.1356	0	1.6963E+00	2.9800E-02
3.1376	0	1.7093E+00	2.9600E-02
3.1396	0	1.6950E+00	2.9800E-02
3.1416	0	1.7735E+00	2.9600E-02
3.1436	0	1.7073E+00	2.9600E-02
3.1456	0	1.7312E+00	2.9800E-02
3.1475	0	1.7917E+00	2.9700E-02
3.1495	0	1.7592E+00	2.9800E-02
3.1515	0	1.7451E+00	2.9700E-02
3.1535	0	1.7258E+00	3.0000E-02
3.1555	0	1.7755E+00	2.9800E-02
3.1575	0	1.8095E+00	2.9700E-02
3.1595	0	1.7753E+00	3.0000E-02
3.1615	0	1.7718E+00	2.9900E-02
3.1635	0	1.8227E+00	2.9900E-02
3.1655	0	1.8005E+00	2.9800E-02
3.1675	0	1.8792E+00	2.9800E-02
3.1695	0	1.8117E+00	2.9800E-02
3.1716	0	1.8667E+00	2.9600E-02
3.1736	0	1.8341E+00	2.9700E-02
3.1756	0	1.8845E+00	2.9500E-02
3.1776	0	1.9025E+00	2.9700E-02
3.1796	0	1.8566E+00	2.9800E-02
3.1816	0	1.9505E+00	2.9800E-02
3.1837	0	1.8776E+00	2.9800E-02
3.1857	0	1.8766E+00	2.9900E-02
3.1877	0	1.8846E+00	3.0000E-02
3.1897	0	1.9005E+00	3.0000E-02
3.1918	0	1.9076E+00	3.0200E-02
3.1938	0	1.8615E+00	3.0000E-02
3.1958	0	1.9191E+00	3.0100E-02
3.1979	0	1.9605E+00	3.0100E-02
3.1999	0	1.9935E+00	2.9900E-02
3.2020	0	1.9231E+00	3.0100E-02
3.2040	0	1.9242E+00	3.0000E-02
3.2060	0	2.0129E+00	3.0100E-02
3.2081	0	2.0119E+00	3.0200E-02
3.2101	0	1.9996E+00	3.0000E-02
3.2122	0	2.0409E+00	3.0000E-02
3.2142	0	2.0388E+00	3.0000E-02
3.2163	0	2.0054E+00	3.0300E-02
3.2184	0	2.0140E+00	3.0300E-02
3.2204	0	2.0569E+00	3.0200E-02
3.2225	0	2.0199E+00	3.0300E-02
3.2245	0	2.0344E+00	3.0300E-02
3.2266	0	2.0744E+00	3.0200E-02
3.2287	0	2.0007E+00	3.0000E-02
3.2307	0	2.1115E+00	3.0200E-02
3.2328	0	2.0705E+00	3.0000E-02
3.2349	0	2.1344E+00	3.0100E-02
3.2369	0	2.1002E+00	3.0200E-02
3.2390	0	2.0909E+00	3.0300E-02
3.2411	0	2.0852E+00	3.0300E-02
3.2432	0	2.1433E+00	3.0200E-02
3.2453	0	2.0768E+00	3.0100E-02
3.2473	0	2.1382E+00	3.0300E-02
3.2494	0	2.1928E+00	3.0100E-02
3.2515	0	2.2217E+00	3.0100E-02
3.2536	0	2.1067E+00	3.0200E-02
3.2557	0	2.1493E+00	3.0200E-02
3.2578	0	2.1797E+00	3.0200E-02
3.2599	0	2.0929E+00	3.0400E-02
3.2620	0	2.1739E+00	3.0300E-02
3.2641	0	2.1795E+00	3.0100E-02
3.2662	0	2.1584E+00	3.0500E-02
3.2683	0	2.2302E+00	3.0400E-02
3.2704	0	2.2173E+00	3.0300E-02
3.2725	0	2.2053E+00	3.0400E-02
3.2746	0	2.1911E+00	3.0300E-02
3.2767	0	2.1725E+00	3.0400E-02
3.2788	0	2.2059E+00	3.0200E-02
3.2810	0	2.2189E+00	3.0300E-02
3.2831	0	2.2488E+00	3.0200E-02
3.2852	0	2.3105E+00	3.0200E-02
3.2873	0	2.2010E+00	3.0300E-02
3.2895	0	2.2320E+00	3.0400E-02
3.2916	0	2.2791E+00	3.0300E-02
3.2937	0	2.2564E+00	3.0400E-02
3.2958	0	2.2938E+00	3.0500E-02
3.2980	0	2.2425E+00	3.0300E-02
3.3001	0	2.3353E+00	3.0300E-02
3.3022	0	2.3076E+00	3.0200E-02
3.3044	0	2.3245E+00	3.0300E-02
3.3065	0	2.3558E+00	3.0300E-02
3.3087	0	2.3120E+00	3.0300E-02
3.3108	0	2.3162E+00	3.0300E-02
3.3130	0	2.3123E+00	3.0400E-02
3.3151	0	2.3155E+00	3.0400E-02
3.3173	0	2.3250E+00	3.0400E-02
3.3194	0	2.3421E+00	3.0500E-02
3.3216	0	2.4300E+00	3.0500E-02
3.3237	0	2.3574E+00	3.0700E-02
3.3259	0	2.3455E+00	3.0600E-02
3.3281	0	2.3713E+00	3.0600E-02
3.3302	0	2.3278E+00	3.0600E-02
3.3324	0	2.3738E+00	3.0500E-02
3.3346	0	2.3807E+00	3.0600E-02
3.3367	0	2.3926E+00	3.0400E-02
3.3389	0	2.3687E+00	3.0400E-02
3.3411	0	2.4429E+00	3.0500E-02
3.3432	0	2.4108E+00	3.0300E-02
3.3454	0	2.4092E+00	3.0700E-02
3.3476	0	2.4174E+00	3.0600E-02
3.3498	0	2.4177E+00	3.0600E-02
3.3520	0	2.4652E+00	3.0600E-02
3.3542	0	2.4327E+00	3.0600E-02
3.3564	0	2.4206E+00	3.0600E-02
3.3585	0	2.4631E+00	3.0600E-02
3.3607	0	2.4500E+00	3.0500E-02
3.3629	0	2.3919E+00	3.0600E-02
3.3651	0	2.4612E+00	3.0300E-02
3.3673	0	2.4461E+00	3.0700E-02
3.3695	0	2.4907E+00	3.0600E-02
3.3717	0	2.4706E+00	3.0500E-02
3.3740	0	2.4938E+00	3.0500E-02
3.3762	0	2.4980E+00	3.0400E-02
3.3784	0	2.5183E+00	3.0400E-02
3.3806	0	2.4594E+00	3.0600E-02
3.3828	0	2.4858E+00	3.0700E-02
3.3850	0	2.5267E+00	3.0700E-02
3.3872	0	2.4971E+00	3.0700E-02
3.3895	0	2.5117E+00	3.0600E-02
3.3917	0	2.5200E+00	3.0600E-02
3.3939	0	2.4978E+00	3.0600E-02
3.3961	0	2.5830E+00	3.0500E-02
3.3984	0	2.5132E+00	3.0700E-02
3.4006	0	2.5141E+00	3.0600E-02
3.4028	0	2.4685E+00	3.0600E-02
3.4051	0	2.5799E+00	3.0600E-02
3.4073	0	2.6313E+00	3.0500E-02
3.4096	0	2.5616E+00	3.0600E-02
3.4118	0	2.4833E+00	3.0600E-02
3.4141	0	2.5895E+00	3.0600E-02
3.4163	0	2.5630E+00	3.0500E-02
3.4186	0	2.6003E+00	3.0700E-02
3.4208	0	2.5922E+00	3.0500E-02
3.4231	0	2.5540E+00	3.0500E-02
3.4253	0	2.5339E+00	3.0700E-02
3.4276	0	2.5797E+00	3.0400E-02
3.4298	0	2.5669E+00	3.0700E-02
3.4321	0	2.5898E+00	3.0400E-02
3.4344	0	2.6129E+00	3.0500E-02
3.4366	0	2.5805E+00	3.0500E-02
3.4389	0	2.5672E+00	3.0600E-02
3.4412	0	2.6722E+00	3.0600E-02
3.4435	0	2.5762E+00	3.0600E-02
3.4457	0	2.5739E+00	3.0500E-02
3.4480	0	2.5561E+00	3.0500E-02
3.4503	0	2.5434E+00	3.0500E-02
3.4526	0	2.6234E+00	3.0600E-02
3.4549	0	2.6507E+00	3.0500E-02
3.4572	0	2.5533E+00	3.0700E-02
3.4595	0	2.6537E+00	3.0600E-02
3.4618	0	2.5844E+00	3.0500E-02
3.4641	0	2.6274E+00	3.0500E-02
3.4664	0	2.5904E+00	3.0300E-02
3.4687	0	2.6239E+00	3.0400E-02
3.4710	0	2.5712E+00	3.0500E-02
3.4733	0	2.6105E+00	3.0400E-02
3.4756	0	2.6534E+00	3.0400E-02
3.4779	0	2.6350E+00	3.0400E-02
3.4802	0	2.6360E+00	3.0600E-02
3.4825	0	2.6151E+00	3.0400E-02
3.4848	0	2.6502E+00	3.0300E-02
3.4871	0	2.6484E+00	3.0600E-02
3.4895	0	2.6501E+00	3.0500E-02
3.4918	0	2.6980E+00	3.0500E-02
3.4941	0	2.6630E+00	3.0400E-02
3.4964	0	2.5787E+00	3.0600E-02
3.4988	0	2.6317E+00	3.0500E-02
3.5011	0	2.6237E+00	3.0600E-02
3.5034	0	2.6997E+00	3.0700E-02
3.5058	0	2.7041E+00	3.0800E-02
3.5081	0	2.5600E+00	3.0600E-02
3.5105	0	2.6296E+00	3.0700E-02
3.5128	0	2.6835E+00	3.0600E-02
3.5152	0	2.6285E+00	3.0500E-02
3.5175	0	2.6501E+00	3.0100E-02
3.5199	0	2.6375E+00	3.0400E-02
3.5222	0	2.6683E+00	3.0400E-02
3.5246	0	2.6542E+00	3.0400E-02
3.5269	0	2.6313E+00	3.0400E-02
3.5293	0	2.6544E+00	3.0300E-02
3.5317	0	2.6537E+00	3.0300E-02
3.5340	0	2.5911E+00	3.0300E-02
3.5364	0	2.5999E+00	3.0300E-02
3.5388	0	2.6294E+00	3.0300E-02
3.5411	0	2.6151E+00	3.0200E-02
3.5435	0	2.6376E+00	3.0200E-02
3.5459	0	2.6645E+00	3.0300E-02
3.5483	0	2.6038E+00	3.0300E-02
3.5507	0	2.6274E+00	3.0300E-02
3.5530	0	2.6142E+00	3.0200E-02
3.5554	0	2.6222E+00	3.0300E-02
3.5578	0	2.6461E+00	3.0200E-02
3.5602	0	2.6340E+00	3.0200E-02
3.5626	0	2.6442E+00	3.0300E-02
3.5650	0	2.6841E+00	3.0400E-02
3.5674	0	2.6615E+00	3.0300E-02
3.5698	0	2.6368E+00	3.0300E-02
3.5722	0	2.6284E+00	3.0100E-02
3.5746	0	2.6490E+00	3.0000E-02
3.5770	0	2.5944E+00	3.0100E-02
3.5794	0	2.5873E+00	3.0000E-02
3.5819	0	2.6024E+00	3.0100E-02
3.5843	0	2.6335E+00	2.9900E-02
3.5867	0	2.6487E+00	2.9800E-02
3.5891	0	2.6070E+00	2.9800E-02
3.5915	0	2.6767E+00	2.9900E-02
3.5940	0	2.5676E+00	2.9900E-02
3.5964	0	2.5420E+00	2.9800E-02
3.5988	0	2.6265E+00	2.9800E-02
3.6013	0	2.5884E+00	2.9700E-02
3.6037	0	2.6265E+00	2.9700E-02
3.6061	0	2.6284E+00	2.9600E-02
3.6086	0	2.6519E+00	2.9500E-02
3.6110	0	2.5937E+00	2.9500E-02
3.6135	0	2.5688E+00	2.9500E-02
3.6159	0	2.6156E+00	2.9600E-02
3.6184	0	2.5984E+00	2.9500E-02
3.6208	0	2.6032E+00	2.9400E-02
3.6233	0	2.5719E+00	2.9300E-02
3.6257	0	2.5663E+00	2.9600E-02
3.6282	0	2.5493E+00	2.9300E-02
3.6307	0	2.5789E+00	2.9500E-02
3.6331	0	2.6081E+00	2.9500E-02
3.6356	0	2.5736E+00	2.9600E-02
3.6381	0	2.5227E+00	2.9400E-02
3.6406	0	2.5687E+00	2.9400E-02
3.6430	0	2.5417E+00	2.9300E-02
3.6455	0	2.5836E+00	2.9200E-02
3.6480	0	2.5883E+00	2.9200E-02
3.6505	0	2.5491E+00	2.9300E-02
3.6530	0	2.5833E+00	2.9100E-02
3.6555	0	2.5177E+00	2.9100E-02
3.6579	0	2.4803E+00	2.9100E-02
3.6604	0	2.5151E+00	2.9000E-02
3.6629	0	2.5510E+00	2.9100E-02
3.6654	0	2.5519E+00	2.9100E-02
3.6679	0	2.5106E+00	2.9000E-02
3.6704	0	2.5562E+00	2.8900E-02
3.6730	0	2.5020E+00	2.9000E-02
3.6755	0	2.4745E+00	2.9100E-02
3.6780	0	2.4669E+00	2.8900E-02
3.6805	0	2.5118E+00	2.8800E-02
3.6830	0	2.5010E+00	2.8900E-02
3.6855	0	2.4668E+00	2.8800E-02
3.6881	0	2.5238E+00	2.8800E-02
3.6906	0	2.4804E+00	2.8900E-02
3.6931	0	2.4572E+00	2.8800E-02
3.6956	0	2.5022E+00	2.9000E-02
3.6982	0	2.4159E+00	2.8700E-02
3.7007	0	2.4529E+00	2.8800E-02
3.7032	0	2.4571E+00	2.8600E-02
3.7058	0	2.4836E+00	2.8600E-02
3.7083	0	2.4472E+00	2.8700E-02
3.7109	0	2.4141E+00	2.8600E-02
3.7134	0	2.4018E+00	2.8700E-02
3.7160	0	2.4357E+00	2.8600E-02
3.7185	0	2.4086E+00	2.8600E-02
3.7211	0	2.4373E+00	2.8400E-02
3.7237	0	2.4195E+00	2.8500E-02
3.7262	0	2.4295E+00	2.8500E-02
3.7288	0	2.3881E+00	2.8300E-02
3.7313	0	2.4109E+00	2.8300E-02
3.7339	0	2.3611E+00	2.8100E-02
3.7365	0	2.3524E+00	2.8300E-02
3.7391	0	2.3744E+00	2.8300E-02
3.7416	0	2.3755E+00	2.8400E-02
3.7442	0	2.4182E+00	2.8100E-02
3.7468	0	2.3442E+00	2.8200E-02
3.7494	0	2.3545E+00	2.8300E-02
3.7520	0	2.3771E+00	2.8200E-02
3.7546	0	2.3898E+00	2.8200E-02
3.7572	0	2.3484E+00	2.8300E-02
3.7598	0	2.3478E+00	2.8300E-02
3.7624	0	2.3154E+00	2.8200E-02
3.7650	0	2.3486E+00	2.8300E-02
3.7676	0	2.3273E+00	2.8200E-02
3.7702	0	2.2885E+00	2.8200E-02
3.7728	0	2.3029E+00	2.8100E-02
3.7754	0	2.3388E+00	2.8100E-02
3.7780	0	2.3228E+00	2.7900E-02
3.7806	0	2.3284E+00	2.7900E-02
3.7833	0	2.2998E+00	2.8000E-02
3.7859	0	2.3324E+00	2.7700E-02
3.7885	0	2.3441E+00	2.7800E-02
3.7911	0	2.3235E+00	2.7900E-02
3.7938	0	2.3263E+00	2.7700E-02
3.7964	0	2.2733E+00	2.7800E-02
3.7991	0	2.2860E+00	2.7600E-02
3.8017	0	2.2705E+00	2.7600E-02
3.8043	0	2.2783E+00	2.7700E-02
3.8070	0	2.2894E+00	2.7600E-02
3.8096	0	2.2620E+00	2.7500E-02
3.8123	0	2.3145E+00	2.7300E-02
3.8149	0	2.2641E+00	2.7400E-02
3.8176	0	2.2356E+00	2.7400E-02
3.8203	0	2.2261E+00	2.7400E-02
3.8229	0	2.2730E+00	2.7300E-02
3.8256	0	2.2455E+00	2.7300E-02
3.8283	0	2.2166E+00	2.7400E-02
3.8309	0	2.2212E+00	2.7400E-02
3.8336	0	2.2515E+00	2.7300E-02
3.8363	0	2.2034E+00	2.7300E-02
3.8390	0	2.2417E+00	2.7300E-02
3.8416	0	2.1651E+00	2.7300E-02
3.8443	0	2.1936E+00	2.7200E-02
3.8470	0	2.1572E+00	2.7200E-02
3.8497	0	2.2335E+00	2.7000E-02
3.8524	0	2.1583E+00	2.7100E-02
3.8551	0	2.1302E+00	2.7000E-02
3.8578	0	2.1247E+00	2.6900E-02
3.8605	0	2.1390E+00	2.7000E-02
3.8632	0	2.1806E+00	2.7000E-02
3.8659	0	2.1169E+00	2.7000E-02
3.8686	0	2.1688E+00	2.6900E-02
3.8713	0	2.1594E+00	2.6900E-02
3.8740	0	2.1339E+00	2.6900E-02
3.8768	0	2.1277E+00	2.6800E-02
3.8795	0	2.1343E+00	2.6700E-02
3.8822	0	2.1098E+00	2.6800E-02
3.8849	0	2.1216E+00	2.6800E-02
3.8877	0	2.1109E+00	2.6800E-02
3.8904	0	2.0829E+00	2.6700E-02
3.8931	0	2.0952E+00	2.6800E-02
3.8959	0	2.1042E+00	2.6700E-02
3.8986	0	2.1189E+00	2.6700E-02
3.9014	0	2.0510E+00	2.6700E-02
3.9041	0	2.0617E+00	2.6500E-02
3.9069	0	2.0195E+00	2.6600E-02
3.9096	0	2.0583E+00	2.6500E-02
3.9124	0	2.0311E+00	2.6500E-02
3.9151	0	2.0567E+00	2.6600E-02
3.9179	0	2.0932E+00	2.6400E-02
3.9207	0	2.0779E+00	2.6300E-02
3.9234	0	2.0424E+00	2.6300E-02
3.9262	0	2.0618E+00	2.6300E-02
3.9290	0	2.0122E+00	2.6300E-02
3.9318	0	1.9943E+00	2.6300E-02
3.9345	0	2.0362E+00	2.6100E-02
3.9373	0	1.9786E+00	2.6200E-02
3.9401	0	1.9879E+00	2.6200E-02
3.9429	0	1.9684E+00	2.6300E-02
3.9457	0	2.0235E+00	2.6200E-02
3.9485	0	1.9818E+00	2.6200E-02
3.9513	0	1.9246E+00	2.6200E-02
3.9541	0	1.9666E+00	2.6200E-02
3.9569	0	1.9571E+00	2.6200E-02
3.9597	0	1.9506E+00	2.6200E-02
3.9625	0	1.9473E+00	2.6200E-02
3.9653	0	1.9592E+00	2.6000E-02
3.9681	0	1.9399E+00	2.6100E-02
3.9710	0	1.9282E+00	2.6000E-02
3.9738	0	1.9273E+00	2.5900E-02
3.9766	0	1.9593E+00	2.5800E-02
3.9794	0	1.9032E+00	2.6000E-02
3.9823	0	1.9310E+00	2.5900E-02
3.9851	0	1.9305E+00	2.5900E-02
3.9879	0	1.9148E+00	2.5700E-02
3.9908	0	1.8711E+00	2.5900E-02
3.9936	0	1.8834E+00	2.5900E-02
3.9965	0	1.8669E+00	2.5800E-02
3.9993	0	1.9178E+00	2.5700E-02
4.0022	0	1.8660E+00	2.5800E-02
4.0050	0	1.8859E+00	2.5700E-02
4.0079	0	1.8562E+00	2.5700E-02
4.0108	0	1.9441E+00	2.5600E-02
4.0136	0	1.8661E+00	2.5700E-02
4.0165	0	1.8672E+00	2.5600E-02
4.0194	0	1.8418E+00	2.5500E-02
4.0222	0	1.9075E+00	2.5500E-02
4.0251	0	1.8592E+00	2.5400E-02
4.0280	0	1.9027E+00	2.5400E-02
4.0309	0	1.8818E+00	2.5400E-02
4.0338	0	1.8676E+00	2.5300E-02
4.0367	0	1.8190E+00	2.5300E-02
4.0396	0	1.8326E+00	2.5400E-02
4.0424	0	1.7843E+00	2.5400E-02
4.0453	0	1.8151E+00	2.5400E-02
4.0482	0	1.8270E+00	2.5300E-02
4.0512	0	1.8010E+00	2.5300E-02
4.0541	0	1.8345E+00	2.5300E-02
4.0570	0	1.8409E+00	2.5200E-02
4.0599	0	1.8195E+00	2.5300E-02
4.0628	0	1.7986E+00	2.5300E-02
4.0657	0	1.7884E+00	2.5200E-02
4.0687	0	1.8147E+00	2.5100E-02
4.0716	0	1.8074E+00	2.5200E-02
4.0745	0	1.8374E+00	2.5000E-02
4.0774	0	1.7777E+00	2.5100E-02
4.0804	0	1.7444E+00	2.5100E-02
4.0833	0	1.8045E+00	2.5100E-02
4.0863	0	1.7621E+00	2.5000E-02
4.0892	0	1.7942E+00	2.4900E-02
4.0922	0	1.7666E+00	2.5000E-02
4.0951	0	1.7737E+00	2.4800E-02
4.0981	0	1.7999E+00	2.4800E-02
4.1010	0	1.7865E+00	2.4800E-02
4.1040	0	1.7630E+00	2.4900E-02
4.1070	0	1.7719E+00	2.4900E-02
4.1099	0	1.8310E+00	2.4800E-02
4.1129	0	1.7820E+00	2.4800E-02
4.1159	0	1.7527E+00	2.4800E-02
4.1189	0	1.7471E+00	2.4900E-02
4.1218	0	1.8369E+00	2.4800E-02
4.1248	0	1.7780E+00	2.4600E-02
4.1278	0	1.7689E+00	2.4700E-02
4.1308	0	1.7818E+00	2.4600E-02
4.1338	0	1.8408E+00	2.4600E-02
4.1368	0	1.7710E+00	2.4600E-02
4.1398	0	1.7770E+00	2.4700E-02
4.1428	0	1.8344E+00	2.4700E-02
4.1458	0	1.7902E+00	2.4900E-02
4.1488	0	1.8201E+00	2.4800E-02
4.1518	0	1.8430E+00	2.4900E-02
4.1549	0	1.8194E+00	2.4800E-02
4.1579	0	1.8188E+00	2.4900E-02
4.1609	0	1.8960E+00	2.4900E-02
4.1639	0	1.8324E+00	2.4800E-02
4.1670	0	1.8450E+00	2.4800E-02
4.1700	0	1.9111E+00	2.4800E-02
4.1730	0	1.8977E+00	2.4800E-02
4.1761	0	1.8996E+00	2.4800E-02
4.1791	0	1.8890E+00	2.4800E-02
4.1822	0	1.9749E+00	2.4700E-02
4.1852	0	1.9285E+00	2.4800E-02
4.1883	0	1.9546E+00	2.4800E-02
4.1913	0	1.9646E+00	2.5000E-02
4.1944	0	1.9609E+00	2.5000E-02
4.1975	0	2.0158E+00	2.4900E-02
4.2005	0	2.0900E+00	2.4900E-02
4.2036	0	2.0106E+00	2.5000E-02
4.2067	0	2.0685E+00	2.4900E-02
4.2097	0	2.0274E+00	2.5000E-02
4.2128	0	2.0435E+00	2.4900E-02
4.2159	0	2.0749E+00	2.4800E-02
4.2190	0	2.1300E+00	2.4800E-02
4.2221	0	2.1393E+00	2.4800E-02
4.2252	0	2.0687E+00	2.4800E-02
4.2283	0	2.1579E+00	2.4900E-02
4.2314	0	2.1514E+00	2.4900E-02
4.2345	0	2.1256E+00	2.4900E-02
4.2376	0	2.1813E+00	2.5000E-02
4.2407	0	2.1827E+00	2.5100E-02
4.2438	0	2.1835E+00	2.4900E-02
4.2470	0	2.2019E+00	2.5000E-02
4.2501	0	2.2261E+00	2.5100E-02
4.2532	0	2.2353E+00	2.4900E-02
4.2563	0	2.2454E+00	2.4900E-02
4.2595	0	2.2144E+00	2.4900E-02
4.2626	0	2.1792E+00	2.5100E-02
4.2657	0	2.1739E+00	2.4900E-02
4.2689	0	2.2070E+00	2.4900E-02
4.2720	0	2.2184E+00	2.4700E-02
4.2752	0	2.2261E+00	2.4800E-02
4.2783	0	2.2259E+00	2.4700E-02
4.2815	0	2.2178E+00	2.4700E-02
4.2847	0	2.2547E+00	2.4700E-02
4.2878	0	2.2544E+00	2.4700E-02
4.2910	0	2.1498E+00	2.4600E-02
4.2942	0	2.2113E+00	2.4700E-02
4.2973	0	2.2160E+00	2.4700E-02
4.3005	0	2.1358E+00	2.4700E-02
4.3037	0	2.1545E+00	2.4600E-02
4.3069	0	2.0740E+00	2.4600E-02
4.3101	0	2.1650E+00	2.4500E-02
4.3133	0	2.1214E+00	2.4500E-02
4.3165	0	2.1137E+00	2.4500E-02
4.3197	0	2.0893E+00	2.4400E-02
4.3229	0	2.1110E+00	2.4400E-02
4.3261	0	2.0957E+00	2.4300E-02
4.3293	0	2.0914E+00	2.4300E-02
4.3325	0	2.0536E+00	2.4400E-02
4.3357	0	2.1359E+00	2.4200E-02
4.3389	0	2.0415E+00	2.4300E-02
4.3421	0	2.0155E+00	2.4200E-02
4.3454	0	2.0478E+00	2.4200E-02
4.3486	0	2.0480E+00	2.4300E-02
4.3518	0	1.9447E+00	2.4100E-02
4.3551	0	1.9888E+00	2.4100E-02
4.3583	0	1.9905E+00	2.4000E-02
4.3616	0	2.0277E+00	2.3900E-02
4.3648	0	1.9557E+00	2.4000E-02
4.3681	0	1.9938E+00	2.3700E-02
4.3713	0	1.9037E+00	2.3900E-02
4.3746	0	1.9660E+00	2.3800E-02
4.3779	0	1.9402E+00	2.3700E-02
4.3811	0	1.9428E+00	2.3700E-02
4.3844	0	1.9255E+00	2.3700E-02
4.3877	0	1.8792E+00	2.3600E-02
4.3910	0	1.8648E+00	2.3800E-02
4.3942	0	1.8834E+00	2.3600E-02
4.3975	0	1.8857E+00	2.3600E-02
4.4008	0	1.8496E+00	2.3500E-02
4.4041	0	1.8505E+00	2.3500E-02
4.4074	0	1.8437E+00	2.3500E-02
4.4107	0	1.8210E+00	2.3500E-02
4.4140	0	1.8345E+00	2.3400E-02
4.4173	0	1.7905E+00	2.3400E-02
4.4206	0	1.8158E+00	2.3400E-02
4.4240	0	1.8297E+00	2.3300E-02
4.4273	0	1.7428E+00	2.3400E-02
4.4306	0	1.8019E+00	2.3300E-02
4.4339	0	1.7932E+00	2.3300E-02
4.4373	0	1.7968E+00	2.3300E-02
4.4406	0	1.7667E+00	2.3200E-02
4.4439	0	1.7790E+00	2.3200E-02
4.4473	0	1.7565E+00	2.3100E-02
4.4506	0	1.7555E+00	2.3100E-02
4.4540	0	1.7091E+00	2.3100E-02
4.4573	0	1.7214E+00	2.3100E-02
4.4607	0	1.7109E+00	2.3100E-02
4.4640	0	1.7050E+00	2.3100E-02
4.4674	0	1.7154E+00	2.3000E-02
4.4708	0	1.6778E+00	2.3000E-02
4.4742	0	1.6410E+00	2.3000E-02
4.4775	0	1.6970E+00	2.2800E-02
4.4809	0	1.6821E+00	2.2900E-02
4.4843	0	1.6859E+00	2.2700E-02
4.4877	0	1.6878E+00	2.2700E-02
4.4911	0	1.6822E+00	2.2700E-02
4.4945	0	1.7015E+00	2.2500E-02
4.4979	0	1.6809E+00	2.2500E-02
4.5013	0	1.6275E+00	2.2600E-02
4.5047	0	1.6706E+00	2.2500E-02
4.5081	0	1.6119E+00	2.2600E-02
4.5115	0	1.6300E+00	2.2700E-02
4.5149	0	1.5993E+00	2.2600E-02
4.5184	0	1.5383E+00	2.2700E-02
4.5218	0	1.6060E+00	2.2600E-02
4.5252	0	1.6248E+00	2.2500E-02
4.5287	0	1.6252E+00	2.2500E-02
4.5321	0	1.6109E+00	2.2600E-02
4.5355	0	1.5866E+00	2.2400E-02
4.5390	0	1.5934E+00	2.2400E-02
4.5424	0	1.6116E+00	2.2300E-02
4.5459	0	1.5495E+00	2.2400E-02
4.5493	0	1.6123E+00	2.2300E-02
4.5528	0	1.5820E+00	2.2200E-02
4.5563	0	1.5456E+00	2.2300E-02
4.5597	0	1.5334E+00	2.2300E-02
4.5632	0	1.5570E+00	2.2300E-02
4.5667	0	1.5713E+00	2.2200E-02
4.5702	0	1.5428E+00	2.2400E-02
4.5737	0	1.5128E+00	2.2300E-02
4.5772	0	1.5187E+00	2.2300E-02
4.5807	0	1.5288E+00	2.2200E-02
4.5842	0	1.5488E+00	2.2200E-02
4.5877	0	1.5166E+00	2.2200E-02
4.5912	0	1.4949E+00	2.2200E-02
4.5947	0	1.4989E+00	2.2300E-02
4.5982	0	1.5287E+00	2.2200E-02
4.6017	0	1.5227E+00	2.2100E-02
4.6052	0	1.5086E+00	2.2100E-02
4.6088	0	1.4505E+00	2.2200E-02
4.6123	0	1.5112E+00	2.2100E-02
4.6158	0	1.4772E+00	2.2000E-02
4.6194	0	1.5190E+00	2.1900E-02
4.6229	0	1.4444E+00	2.2000E-02
4.6265	0	1.4400E+00	2.2000E-02
4.6300	0	1.4665E+00	2.1900E-02
4.6336	0	1.4730E+00	2.1900E-02
4.6371	0	1.4538E+00	2.1900E-02
4.6407	0	1.4592E+00	2.1800E-02
4.6443	0	1.4656E+00	2.1900E-02
4.6478	0	1.4743E+00	2.1700E-02
4.6514	0	1.4346E+00	2.1800E-02
4.6550	0	1.4461E+00	2.1700E-02
4.6586	0	1.4734E+00	2.1600E-02
4.6622	0	1.4451E+00	2.1700E-02
4.6657	0	1.4463E+00	2.1600E-02
4.6693	0	1.4395E+00	2.1600E-02
4.6729	0	1.4031E+00	2.1700E-02
4.6766	0	1.4208E+00	2.1500E-02
4.6802	0	1.4060E+00	2.1600E-02
4.6838	0	1.4215E+00	2.1500E-02
4.6874	0	1.4141E+00	2.1500E-02
4.6910	0	1.3819E+00	2.1600E-02
4.6946	0	1.3868E+00	2.1500E-02
4.6983	0	1.4016E+00	2.1400E-02
4.7019	0	1.4013E+00	2.1400E-02
4.7055	0	1.3939E+00	2.1300E-02
4.7092	0	1.3791E+00	2.1300E-02
4.7128	0	1.3764E+00	2.1300E-02
4.7165	0	1.4148E+00	2.1300E-02
4.7201	0	1.3934E+00	2.1300E-02
4.7238	0	1.4022E+00	2.1300E-02
4.7275	0	1.3939E+00	2.1200E-02
4.7311	0	1.3624E+00	2.1300E-02
4.7348	0	1.3125E+00	2.1200E-02
4.7385	0	1.3672E+00	2.1100E-02
4.7422	0	1.3451E+00	2.1100E-02
4.7459	0	1.3870E+00	2.1000E-02
4.7495	0	1.3617E+00	2.1000E-02
4.7532	0	1.3509E+00	2.1100E-02
4.7569	0	1.3599E+00	2.1000E-02
4.7606	0	1.3649E+00	2.1000E-02
4.7643	0	1.3061E+00	2.1100E-02
4.7681	0	1.3257E+00	2.1000E-02
4.7718	0	1.3005E+00	2.1000E-02
4.7755	0	1.3133E+00	2.1000E-02
4.7792	0	1.3308E+00	2.0900E-02
4.7830	0	1.3432E+00	2.1000E-02
4.7867	0	1.3232E+00	2.0800E-02
4.7904	0	1.3591E+00	2.0800E-02
4.7942	0	1.2803E+00	2.0900E-02
4.7979	0	1.2478E+00	2.1000E-02
4.8017	0	1.2792E+00	2.0900E-02
4.8054	0	1.2992E+00	2.0900E-02
4.8092	0	1.2595E+00	2.0900E-02

