(2.32609e-005,0.000187331)
(0.00020567,2.30934e-005)
(-1.93982e-005,6.75697e-006)
(1.25169e-005,3.86781e-005)
(-4.75156e-005,1.65511e-005)
(3.06601e-005,9.47415e-005)
(3.6892e-005,0.000214523)
(0.000220995,2.67716e-005)
(-2.45969e-005,1.02839e-005)
(1.57103e-005,4.15483e-005)
(-6.02498e-005,2.51902e-005)
(3.84822e-005,0.000101772)
(5.31235e-005,0.000237688)
(0.000235321,2.88678e-005)
(-2.98268e-005,1.43562e-005)
(1.87877e-005,4.45195e-005)
(-7.30605e-005,3.51652e-005)
(4.60202e-005,0.00010905)
(7.16262e-005,0.000257305)
(0.000248991,2.93971e-005)
(-3.50386e-005,1.89299e-005)
(2.17895e-005,4.76236e-005)
(-8.58268e-005,4.63687e-005)
(5.33732e-005,0.000116654)
(9.19583e-005,0.000273601)
(0.000262137,2.84166e-005)
(-4.01546e-005,2.39342e-005)
(2.47202e-005,5.08561e-005)
(-9.83583e-005,5.86265e-005)
(6.05519e-005,0.000124571)
(9.21698e-005,0.000273748)
(0.000262267,2.83994e-005)
(-4.02051e-005,2.39862e-005)
(2.47492e-005,5.0889e-005)
(-9.84821e-005,5.8754e-005)
(6.06229e-005,0.000124652)
(0.000113941,0.00028692)
(0.000274966,2.59883e-005)
(-4.51628e-005,2.93596e-005)
(2.7611e-005,5.42409e-005)
(-0.000110626,7.19162e-005)
(6.76328e-005,0.000132863)
(0.000148504,0.00030135)
(0.000293281,1.99416e-005)
(-5.22045e-005,3.79806e-005)
(3.17824e-005,5.94598e-005)
(-0.000127874,9.30331e-005)
(7.78506e-005,0.000145646)
(0.000160384,0.000304838)
(0.000299199,1.73286e-005)
(-5.44285e-005,4.09786e-005)
(3.31423e-005,6.12425e-005)
(-0.000133322,0.000100377)
(8.11817e-005,0.000150013)
(0.000184733,0.000310009)
(0.000310871,1.12099e-005)
(-5.87124e-005,4.71913e-005)
(3.58468e-005,6.48965e-005)
(-0.000143815,0.000115595)
(8.78064e-005,0.000158963)
(0.000209121,0.000312798)
(0.00032205,4.11622e-006)
(-6.26611e-005,5.35164e-005)
(3.84733e-005,6.857e-005)
(-0.000153488,0.000131088)
(9.42398e-005,0.000167962)
(0.000233602,0.000313427)
(0.000332841,-3.9297e-006)
(-6.63022e-005,5.99805e-005)
(4.10556e-005,7.22827e-005)
(-0.000162406,0.000146921)
(0.000100565,0.000177056)
(0.000258014,0.000312041)
(0.00034323,-1.28575e-005)
(-6.96238e-005,6.65538e-005)
(4.36014e-005,7.6019e-005)
(-0.000170543,0.000163023)
(0.000106801,0.000186208)
(0.000282225,0.000308775)
(0.000353199,-2.26039e-005)
(-7.26182e-005,7.32107e-005)
(4.6119e-005,7.97647e-005)
(-0.000177877,0.000179329)
(0.000112968,0.000195383)
(0.000294455,0.000306426)
(0.000358115,-2.78703e-005)
(-7.40173e-005,7.66302e-005)
(4.73948e-005,8.16741e-005)
(-0.000181305,0.000187705)
(0.000116093,0.00020006)
(0.000306352,0.000303695)
(0.000362822,-3.32181e-005)
(-7.53046e-005,7.9995e-005)
(4.86416e-005,8.35433e-005)
(-0.000184458,0.000195947)
(0.000119147,0.000204639)
(0.000318146,0.000300555)
(0.000367416,-3.87428e-005)
(-7.65082e-005,8.33702e-005)
(4.98859e-005,8.54086e-005)
(-0.000187406,0.000204214)
(0.000122195,0.000209208)
(0.000329823,0.000297021)
(0.000371893,-4.44373e-005)
(-7.76278e-005,8.67527e-005)
(5.11283e-005,8.72683e-005)
(-0.000190148,0.0002125)
(0.000125238,0.000213763)
(0.000341606,0.000293022)
(0.000376339,-5.04153e-005)
(-7.86834e-005,9.0209e-005)
(5.23952e-005,8.91584e-005)
(-0.000192734,0.000220966)
(0.000128342,0.000218392)
(0.000352794,0.000288819)
(0.000380492,-5.63132e-005)
(-7.96153e-005,9.35327e-005)
(5.36127e-005,9.09661e-005)
(-0.000195017,0.000229107)
(0.000131324,0.000222821)
(0.000375195,0.000279191)
(0.000388602,-6.88006e-005)
(-8.12686e-005,0.000100319)
(5.61033e-005,9.46273e-005)
(-0.000199067,0.000245731)
(0.000137425,0.000231789)
(0.000375416,0.000279088)
(0.000388681,-6.8928e-005)
(-8.12834e-005,0.000100387)
(5.61282e-005,9.46636e-005)
(-0.000199103,0.000245897)
(0.000137485,0.000231877)
(0.000397178,0.000268119)
(0.000396282,-8.19885e-005)
(-8.26016e-005,0.000107165)
(5.86331e-005,9.82786e-005)
(-0.000202332,0.0002625)
(0.000143621,0.000240732)
(0.000418466,0.000255784)
(0.000403435,-9.57149e-005)
(-8.36002e-005,0.000113991)
(6.11853e-005,0.000101876)
(-0.000204778,0.000279219)
(0.000149873,0.000249544)
(0.000468829,0.000219596)
(0.00041906,-0.000132506)
(-8.46684e-005,0.000131051)
(6.7776e-005,0.000110673)
(-0.000207394,0.000321008)
(0.000166017,0.000271091)
(0.000486273,0.000204459)
(0.000423964,-0.000146907)
(-8.45491e-005,0.00013732)
(7.03006e-005,0.000113832)
(-0.000207102,0.000336363)
(0.000172201,0.00027883)
(0.000495328,0.000195998)
(0.000426387,-0.000154777)
(-8.43725e-005,0.000140661)
(7.1674e-005,0.000115499)
(-0.00020667,0.000344548)
(0.000175565,0.000282915)
(0.00049882,0.000192619)
(0.000427296,-0.000157889)
(-8.42821e-005,0.000141967)
(7.22162e-005,0.000116148)
(-0.000206448,0.000347746)
(0.000176893,0.000284503)
(0.000502106,0.000189377)
(0.000428139,-0.000160858)
(-8.41852e-005,0.000143204)
(7.27334e-005,0.000116761)
(-0.000206211,0.000350777)
(0.00017816,0.000286004)
(0.000505702,0.00018576)
(0.000429047,-0.000164154)
(-8.40658e-005,0.000144569)
(7.33072e-005,0.000117435)
(-0.000205918,0.00035412)
(0.000179565,0.000287655)
(0.000508923,0.000182456)
(0.000429847,-0.000167148)
(-8.39466e-005,0.000145801)
(7.38284e-005,0.000118041)
(-0.000205626,0.000357138)
(0.000180842,0.000289141)
(0.000509092,0.000182281)
(0.000429888,-0.000167306)
(-8.394e-005,0.000145866)
(7.38559e-005,0.000118073)
(-0.00020561,0.000357297)
(0.000180909,0.000289219)
(0.000512447,0.000178771)
(0.000430706,-0.000170472)
(-8.38025e-005,0.000147159)
(7.44068e-005,0.000118708)
(-0.000205273,0.000360465)
(0.000182259,0.000290775)
(0.000515769,0.000175228)
(0.000431501,-0.000173651)
(-8.36534e-005,0.00014845)
(7.496e-005,0.000119341)
(-0.000204908,0.000363627)
(0.000183614,0.000292323)
(0.000519055,0.000171654)
(0.000432273,-0.000176842)
(-8.34928e-005,0.000149738)
(7.55154e-005,0.000119969)
(-0.000204515,0.000366781)
(0.000184974,0.000293863)
(0.000522307,0.00016805)
(0.000433022,-0.000180046)
(-8.33207e-005,0.000151022)
(7.60731e-005,0.000120594)
(-0.000204093,0.000369927)
(0.00018634,0.000295394)
(0.000525685,0.000164233)
(0.000433783,-0.000183423)
(-8.31277e-005,0.000152367)
(7.66613e-005,0.000121247)
(-0.00020362,0.000373222)
(0.000187781,0.000296994)
(0.000529024,0.000160384)
(0.000434519,-0.000186813)
(-8.29221e-005,0.000153709)
(7.7252e-005,0.000121896)
(-0.000203117,0.000376508)
(0.000189228,0.000298583)
(0.000532167,0.000156688)
(0.000435195,-0.000190054)
(-8.27147e-005,0.000154983)
(7.78171e-005,0.000122511)
(-0.000202609,0.000379628)
(0.000190612,0.000300089)
(-1.80279e-005,-0.000145187)
(-0.000138494,-2.04941e-005)
(-5.22692e-005,1.8207e-005)
(2.56294e-005,8.09714e-005)
(-2.86184e-005,-0.000166413)
(-0.000150381,-2.43882e-005)
(-6.60663e-005,2.76221e-005)
(3.25453e-005,8.85118e-005)
(-4.12498e-005,-0.000184562)
(-0.0001616,-2.71369e-005)
(-7.98888e-005,3.84519e-005)
(3.93017e-005,9.63473e-005)
(-5.56738e-005,-0.000199999)
(-0.000172418,-2.87286e-005)
(-9.36131e-005,5.05753e-005)
(4.59595e-005,0.000104551)
(-7.15532e-005,-0.00021289)
(-0.000182936,-2.91807e-005)
(-0.00010704,6.38015e-005)
(5.25091e-005,0.000113107)
(-7.17185e-005,-0.000213007)
(-0.00018304,-2.91796e-005)
(-0.000107173,6.39389e-005)
(5.25741e-005,0.000113194)
(-8.87544e-005,-0.000223497)
(-0.000193316,-2.85313e-005)
(-0.000120145,7.81047e-005)
(5.90063e-005,0.000122073)
(-0.000115867,-0.000235122)
(-0.000208341,-2.5654e-005)
(-0.000138509,0.00010077)
(6.84301e-005,0.000135911)
(-0.000125204,-0.000237973)
(-0.00021325,-2.42191e-005)
(-0.000144294,0.000108637)
(7.15122e-005,0.000140641)
(-0.000144371,-0.000242277)
(-0.000223012,-2.06417e-005)
(-0.000155417,0.00012492)
(7.76533e-005,0.000150342)
(-0.000163609,-0.000244722)
(-0.000232465,-1.62535e-005)
(-0.000165646,0.000141472)
(8.36307e-005,0.000160104)
(-0.000182957,-0.000245477)
(-0.000241691,-1.10767e-005)
(-0.000175057,0.000158366)
(8.95199e-005,0.000169979)
(-0.000202291,-0.00024465)
(-0.000250671,-5.1601e-006)
(-0.000183622,0.000175525)
(9.53381e-005,0.000179928)
(-0.000221504,-0.000242342)
(-0.000259386,1.45144e-006)
(-0.000191325,0.000192886)
(0.000101105,0.000189915)
(-0.000231225,-0.000240625)
(-0.000263723,5.07706e-006)
(-0.000194917,0.000201797)
(0.000104032,0.000195012)
(-0.00024069,-0.000238602)
(-0.000267899,8.79128e-006)
(-0.000198217,0.000210563)
(0.000106897,0.000200005)
(-0.000250082,-0.000236255)
(-0.000272,1.26592e-005)
(-0.000201298,0.000219352)
(0.00010976,0.000204992)
(-0.000259391,-0.000233593)
(-0.000276022,1.66757e-005)
(-0.000204159,0.000228158)
(0.000112623,0.000209967)
(-0.000268794,-0.000230565)
(-0.000280042,2.09216e-005)
(-0.000206852,0.000237152)
(0.000115546,0.000215029)
(-0.000277731,-0.000227368)
(-0.000283822,2.51376e-005)
(-0.000209223,0.000245797)
(0.00011836,0.000219875)
(-0.000295652,-0.000220001)
(-0.000291281,3.41433e-005)
(-0.000213418,0.000263447)
(0.000124131,0.000229704)
(-0.000295828,-0.000219922)
(-0.000291354,3.42357e-005)
(-0.000213456,0.000263623)
(0.000124189,0.000229801)
(-0.000313274,-0.000211479)
(-0.000298451,4.3757e-005)
(-0.000216777,0.000281242)
(0.000130014,0.000239527)
(-0.000330374,-0.000201938)
(-0.00030524,5.38605e-005)
(-0.000219267,0.000298974)
(0.000135971,0.000249228)
(-0.000370977,-0.000173763)
(-0.000320587,8.13468e-005)
(-0.000221781,0.000343276)
(0.00015147,0.000273058)
(-0.000385093,-0.000161917)
(-0.000325617,9.22426e-005)
(-0.000221377,0.000359548)
(0.00015745,0.000281659)
(-0.000392433,-0.000155283)
(-0.000328158,9.82255e-005)
(-0.000220868,0.000368219)
(0.000160714,0.000286209)
(-0.000395265,-0.000152631)
(-0.000329123,0.000100596)
(-0.000220614,0.000371607)
(0.000162004,0.00028798)
(-0.000397932,-0.000150086)
(-0.000330024,0.000102861)
(-0.000220344,0.000374819)
(0.000163236,0.000289655)
(-0.000400851,-0.000147245)
(-0.000331002,0.000105378)
(-0.000220014,0.000378361)
(0.000164604,0.000291499)
(-0.000403467,-0.000144649)
(-0.000331869,0.000107668)
(-0.000219686,0.000381558)
(0.000165848,0.000293159)
(-0.000403604,-0.000144511)
(-0.000331915,0.000107789)
(-0.000219668,0.000381726)
(0.000165913,0.000293246)
(-0.000406331,-0.000141751)
(-0.00033281,0.000110212)
(-0.000219292,0.000385083)
(0.000167229,0.000294986)
(-0.000409032,-0.000138965)
(-0.000333687,0.000112649)
(-0.000218886,0.000388433)
(0.000168551,0.000296719)
(-0.000411705,-0.000136153)
(-0.000334547,0.000115098)
(-0.00021845,0.000391774)
(0.00016988,0.000298442)
(-0.000414351,-0.000133316)
(-0.000335389,0.000117559)
(-0.000217985,0.000395106)
(0.000171215,0.000300158)
(-0.000417101,-0.00013031)
(-0.000336253,0.000120156)
(-0.000217464,0.000398596)
(0.000172625,0.000301951)
(-0.000419821,-0.000127277)
(-0.000337098,0.000122767)
(-0.000216911,0.000402077)
(0.000174042,0.000303735)
(-0.000422383,-0.000124364)
(-0.000337884,0.000125265)
(-0.000216354,0.000405383)
(0.000175398,0.000305426)
(6.20472e-005,0.000247849)
(0.000242175,2.9324e-005)
(-3.242e-005,1.65671e-005)
(2.0286e-005,4.6043e-005)
(-7.94125e-005,4.0581e-005)
(4.96905e-005,0.000112782)
(5.32623e-005,0.000237857)
(0.000235432,2.88782e-005)
(-2.98684e-005,1.43906e-005)
(1.88118e-005,4.45437e-005)
(-7.31624e-005,3.52497e-005)
(4.60794e-005,0.000109109)
(4.53471e-005,0.000227485)
(0.000228822,2.80992e-005)
(-2.74178e-005,1.24161e-005)
(1.73818e-005,4.31362e-005)
(-6.71595e-005,3.0413e-005)
(4.25765e-005,0.000105662)
(9.77081e-005,0.000277461)
(0.000265608,2.79047e-005)
(-4.15112e-005,2.53505e-005)
(2.54997e-005,5.17496e-005)
(-0.000101681,6.20958e-005)
(6.24612e-005,0.00012676)
(8.82017e-005,0.000270917)
(0.000259818,2.86992e-005)
(-3.92485e-005,2.30094e-005)
(2.42005e-005,5.02682e-005)
(-9.61387e-005,5.63614e-005)
(5.9279e-005,0.000123131)
(7.00694e-005,0.000255857)
(0.000247916,2.94115e-005)
(-3.46233e-005,1.85464e-005)
(2.15515e-005,4.73699e-005)
(-8.48095e-005,4.54292e-005)
(5.27902e-005,0.000116032)
(0.00012855,0.000293869)
(0.000282935,2.37336e-005)
(-4.82504e-005,3.29869e-005)
(2.94195e-005,5.64561e-005)
(-0.000118189,8.08011e-005)
(7.20627e-005,0.000138289)
(0.000103223,0.000280901)
(0.000268856,2.73285e-005)
(-4.27802e-005,2.67107e-005)
(2.62308e-005,5.26006e-005)
(-0.00010479,6.54275e-005)
(6.42521e-005,0.000128845)
(3.88581e-005,0.000217743)
(0.000222901,2.7133e-005)
(-2.52747e-005,1.07824e-005)
(1.6115e-005,4.19272e-005)
(-6.19101e-005,2.64114e-005)
(3.94735e-005,0.0001027)
(1.99e-005,0.000178749)
(0.000201049,2.1762e-005)
(-1.79299e-005,5.85896e-006)
(1.15764e-005,3.78712e-005)
(-4.39191e-005,1.43515e-005)
(2.83562e-005,9.27652e-005)
(1.98858e-005,0.00017871)
(0.000201029,2.17558e-005)
(-1.79235e-005,5.85511e-006)
(1.15722e-005,3.78677e-005)
(-4.39033e-005,1.4342e-005)
(2.8346e-005,9.27565e-005)
(1.2213e-005,0.000153989)
(0.000188082,1.76746e-005)
(-1.40877e-005,3.72792e-006)
(8.99092e-006,3.57359e-005)
(-3.45076e-005,9.13149e-006)
(2.20232e-005,8.75347e-005)
(4.49307e-006,0.000112602)
(0.000167021,1.07368e-005)
(-8.7813e-006,1.37087e-006)
(4.91885e-006,3.25818e-005)
(-2.15097e-005,3.35793e-006)
(1.20487e-005,7.98088e-005)
(1.50723e-006,7.94278e-005)
(0.000150171,5.82646e-006)
(-5.37731e-006,3.05642e-007)
(1.65523e-006,3.0183e-005)
(-1.31717e-005,7.48666e-007)
(4.05448e-006,7.3933e-005)
(0.000172152,0.000307654)
(0.000304911,1.44957e-005)
(-5.65434e-005,4.39693e-005)
(3.44618e-005,6.30077e-005)
(-0.000138503,0.000107702)
(8.44137e-005,0.000154337)
(0.000153502,0.0003029)
(0.00029579,1.88733e-005)
(-5.31514e-005,3.92395e-005)
(3.23583e-005,6.02101e-005)
(-0.000130194,9.61168e-005)
(7.92613e-005,0.000147484)
(3.54098e-007,4.96656e-005)
(0.000134653,2.44194e-006)
(-2.88972e-006,-1.60327e-007)
(-1.5629e-006,2.78583e-005)
(-7.07834e-006,-3.9272e-007)
(-3.8283e-006,6.82387e-005)
(-4.82032e-005,-0.000192549)
(-0.00016701,-2.80712e-005)
(-8.67235e-005,4.43171e-005)
(4.26177e-005,0.000100372)
(-4.13579e-005,-0.000184695)
(-0.000161687,-2.71541e-005)
(-7.99986e-005,3.85434e-005)
(3.9355e-005,9.64111e-005)
(-3.51956e-005,-0.000176559)
(-0.000156496,-2.60151e-005)
(-7.35284e-005,3.32971e-005)
(3.62053e-005,9.26966e-005)
(-7.60491e-005,-0.000215956)
(-0.000185733,-2.91134e-005)
(-0.000110594,6.75388e-005)
(5.42577e-005,0.000115473)
(-6.8617e-005,-0.000210761)
(-0.000181072,-2.91815e-005)
(-0.000104665,6.136e-005)
(5.13446e-005,0.00011155)
(-5.44592e-005,-0.000198857)
(-0.000171563,-2.86435e-005)
(-9.25212e-005,4.95601e-005)
(4.54296e-005,0.00010388)
(-0.000100204,-0.000229071)
(-0.000199822,-2.75661e-005)
(-0.000128206,8.76495e-005)
(6.30859e-005,0.000127945)
(-8.03639e-005,-0.000218694)
(-0.000188358,-2.89781e-005)
(-0.000113916,7.11254e-005)
(5.59003e-005,0.000117727)
(-3.01473e-005,-0.000168932)
(-0.000151867,-2.48101e-005)
(-6.78608e-005,2.895e-005)
(3.34291e-005,8.95096e-005)
(-1.54194e-005,-0.000138502)
(-0.000134929,-1.91835e-005)
(-4.8361e-005,1.58029e-005)
(2.36144e-005,7.88598e-005)
(-1.54083e-005,-0.000138472)
(-0.000134913,-1.91776e-005)
(-4.83439e-005,1.57926e-005)
(2.36055e-005,7.88505e-005)
(-9.45734e-006,-0.000119244)
(-0.000124967,-1.53266e-005)
(-3.81068e-005,1.00839e-005)
(1.81366e-005,7.32971e-005)
(-3.47666e-006,-8.71297e-005)
(-0.000108882,-9.12023e-006)
(-2.38702e-005,3.72643e-006)
(9.72125e-006,6.51887e-005)
(-1.16581e-006,-6.1436e-005)
(-9.60751e-005,-4.88769e-006)
(-1.46791e-005,8.34349e-007)
(3.19839e-006,5.91689e-005)
(-0.000134463,-0.0002403)
(-0.000218014,-2.25938e-005)
(-0.000149789,0.000116479)
(7.45064e-005,0.000145327)
(-0.000119794,-0.000236386)
(-0.000210419,-2.50761e-005)
(-0.000140973,0.000104074)
(6.97348e-005,0.000137902)
(-2.73839e-007,-3.84086e-005)
(-8.43218e-005,-2.02971e-006)
(-7.92272e-006,-4.39568e-007)
(-3.01706e-006,5.35261e-005)
(5.77059e-007,5.82221e-005)
(0.000139188,3.29149e-006)
(-3.55206e-006,-6.93262e-008)
(-5.83587e-007,2.85664e-005)
(-8.70074e-006,-1.69814e-007)
(-1.42949e-006,6.99731e-005)
(2.61433e-006,9.47775e-005)
(0.000157994,7.98109e-006)
(-6.86608e-006,7.20323e-007)
(3.18335e-006,3.12963e-005)
(-1.68184e-005,1.76442e-006)
(7.79759e-006,7.66601e-005)
(6.79994e-006,0.000128322)
(0.000174978,1.33227e-005)
(-1.06476e-005,2.11405e-006)
(6.44581e-006,3.37387e-005)
(-2.60812e-005,5.17835e-006)
(1.5789e-005,8.26425e-005)
(1.12545e-005,0.000150149)
(0.000186106,1.7023e-005)
(-1.35399e-005,3.45134e-006)
(8.60341e-006,3.54256e-005)
(-3.31658e-005,8.45402e-006)
(2.1074e-005,8.67745e-005)
(2.3429e-005,0.000187734)
(0.00020589,2.31545e-005)
(-1.94692e-005,6.80151e-006)
(1.25619e-005,3.8717e-005)
(-4.76895e-005,1.66602e-005)
(3.07702e-005,9.4837e-005)
(3.61186e-005,0.000213217)
(0.00022023,2.66195e-005)
(-2.43262e-005,1.00872e-005)
(1.55481e-005,4.13974e-005)
(-5.95868e-005,2.47086e-005)
(3.80849e-005,0.000101403)
(0.000120854,0.000290378)
(0.000278784,2.49799e-005)
(-4.66456e-005,3.10734e-005)
(2.84763e-005,5.52915e-005)
(-0.000114258,7.61141e-005)
(6.97523e-005,0.000135436)
(0.000121081,0.000290486)
(0.000278908,2.49449e-005)
(-4.66937e-005,3.11298e-005)
(2.85044e-005,5.5326e-005)
(-0.000114376,7.62522e-005)
(6.98212e-005,0.00013552)
(-4.4628e-007,-4.50272e-005)
(-8.77522e-005,-2.74269e-006)
(-9.72572e-006,-1.89819e-007)
(-1.14909e-006,5.5221e-005)
(-2.02246e-006,-7.33201e-005)
(-0.000102015,-6.73165e-006)
(-1.87056e-005,1.96241e-006)
(6.22606e-006,6.19422e-005)
(-5.26299e-006,-9.93181e-005)
(-0.000114947,-1.13968e-005)
(-2.88886e-005,5.73575e-006)
(1.28434e-005,6.81429e-005)
(-8.71436e-006,-0.00011626)
(-0.000123453,-1.47287e-005)
(-3.66415e-005,9.33999e-006)
(1.73239e-005,7.24926e-005)
(-1.81584e-005,-0.000145502)
(-0.000138663,-2.05551e-005)
(-5.2458e-005,1.83261e-005)
(2.57259e-005,8.10735e-005)
(-2.80171e-005,-0.000165392)
(-0.000149784,-2.42142e-005)
(-6.53494e-005,2.70981e-005)
(3.21915e-005,8.81145e-005)
(-9.41707e-005,-0.000226266)
(-0.000196427,-2.81233e-005)
(-0.000124018,8.2616e-005)
(6.09569e-005,0.000124858)
(-9.43487e-005,-0.000226353)
(-0.000196529,-2.81084e-005)
(-0.000124144,8.27643e-005)
(6.10203e-005,0.000124949)
(3.68414e-009,1.1055e-005)
(0.000111454,1.32215e-007)
(-4.59691e-007,-1.54767e-007)
(-7.78103e-006,2.31099e-005)
(-1.12601e-006,-3.79099e-007)
(-1.90596e-005,5.66074e-005)
(3.56621e-009,1.09366e-005)
(0.000111362,1.29441e-007)
(-4.5389e-007,-1.53616e-007)
(-7.8129e-006,2.30834e-005)
(-1.1118e-006,-3.76281e-007)
(-1.91376e-005,5.65425e-005)
(9.88147e-010,7.14926e-006)
(0.000108163,5.59287e-008)
(-2.7587e-007,-1.12125e-007)
(-8.9782e-006,2.20894e-005)
(-6.75741e-007,-2.74648e-007)
(-2.1992e-005,5.41078e-005)
(1.99173e-010,4.2027e-006)
(0.000105105,1.95285e-008)
(-1.49277e-007,-7.27384e-008)
(-1.0218e-005,2.09697e-005)
(-3.65653e-007,-1.78172e-007)
(-2.50289e-005,5.13652e-005)
(2.62069e-011,2.14286e-006)
(0.00010223,5.12562e-009)
(-6.92324e-008,-4.04788e-008)
(-1.15213e-005,1.97053e-005)
(-1.69584e-007,-9.91523e-008)
(-2.82213e-005,4.8268e-005)
(5.40204e-012,1.26771e-006)
(0.000100517,1.80395e-009)
(-3.82865e-008,-2.51755e-008)
(-1.23739e-005,1.8818e-005)
(-9.37824e-008,-6.1667e-008)
(-3.03097e-005,4.60945e-005)
(-2.84968e-009,-8.55105e-006)
(-6.68624e-005,-1.08716e-007)
(-1.27087e-006,-4.2787e-007)
(-1.44131e-005,4.2806e-005)
(-2.75848e-009,-8.4595e-006)
(-6.67935e-005,-1.06431e-007)
(-1.25488e-006,-4.24706e-007)
(-1.44696e-005,4.27494e-005)
(-7.64413e-010,-5.53054e-006)
(-6.44041e-005,-4.59288e-008)
(-7.63835e-007,-3.10453e-007)
(-1.6523e-005,4.06517e-005)
(-1.54097e-010,-3.25154e-006)
(-6.21249e-005,-1.60184e-008)
(-4.13955e-007,-2.01708e-007)
(-1.86835e-005,3.83429e-005)
(-2.02788e-011,-1.65814e-006)
(-5.99882e-005,-4.19998e-009)
(-1.92283e-007,-1.12424e-007)
(-2.09302e-005,3.57976e-005)
(-4.18051e-012,-9.81047e-007)
(-5.87177e-005,-1.47729e-009)
(-1.0644e-007,-6.99898e-008)
(-2.23874e-005,3.40465e-005)
(3.80618e-009,1.11749e-005)
(0.000111547,1.35054e-007)
(-4.65578e-007,-1.55923e-007)
(-7.74898e-006,2.31365e-005)
(-1.14043e-006,-3.81932e-007)
(-1.89811e-005,5.66726e-005)
(2.7402e-011,2.17485e-006)
(0.000102284,5.27885e-009)
(-7.04051e-008,-4.10171e-008)
(-1.14953e-005,1.97315e-005)
(-1.72457e-007,-1.00471e-007)
(-2.81577e-005,4.83322e-005)
(5.85732e-012,1.30227e-006)
(0.000100596,1.90318e-009)
(-3.9462e-008,-2.58032e-008)
(-1.23331e-005,1.88616e-005)
(-9.66617e-008,-6.32046e-008)
(-3.02099e-005,4.62014e-005)
(-2.94407e-009,-8.64375e-006)
(-6.69319e-005,-1.11055e-007)
(-1.28709e-006,-4.3105e-007)
(-1.43563e-005,4.28629e-005)
(-2.12035e-011,-1.68289e-006)
(-6.00284e-005,-4.32562e-009)
(-1.95534e-007,-1.13916e-007)
(-2.08857e-005,3.58498e-005)
(-4.53281e-012,-1.00779e-006)
(-5.87763e-005,-1.5586e-009)
(-1.09702e-007,-7.17316e-008)
(-2.2318e-005,3.4132e-005)
(1.75651e-005,0.000172118)
(0.00019753,2.06963e-005)
(-1.68457e-005,5.22487e-006)
(1.0867e-005,3.72737e-005)
(-4.12634e-005,1.27983e-005)
(2.66187e-005,9.13015e-005)
(0.000417844,0.000256168)
(0.00040323,-9.52999e-005)
(-8.35753e-005,0.000113788)
(6.11091e-005,0.00010177)
(-0.000204717,0.000278723)
(0.000149686,0.000249284)
(-1.36077e-005,-0.000133341)
(-0.00013222,-1.81569e-005)
(-4.54717e-005,1.41035e-005)
(2.21023e-005,7.7299e-005)
(-0.000329877,-0.000202237)
(-0.000305047,5.35553e-005)
(-0.000219205,0.000298449)
(0.000135793,0.000248942)
(2.42623e-006,9.25412e-005)
(0.000156858,7.65303e-006)
(-6.64016e-006,6.51903e-007)
(2.96349e-006,3.11353e-005)
(-1.6265e-005,1.59683e-006)
(7.25904e-006,7.62655e-005)
(6.10674e-006,0.000124058)
(0.000172817,1.26109e-005)
(-1.01242e-005,1.89555e-006)
(6.03051e-006,3.34213e-005)
(-2.47992e-005,4.64314e-006)
(1.47717e-005,8.18651e-005)
(1.41458e-005,0.000161108)
(0.000191767,1.88751e-005)
(-1.51362e-005,4.27684e-006)
(9.71782e-006,3.63246e-005)
(-3.70759e-005,1.04761e-005)
(2.38037e-005,8.89768e-005)
(6.17492e-005,0.000247533)
(0.000241955,2.93152e-005)
(-3.2336e-005,1.64935e-005)
(2.02377e-005,4.5993e-005)
(-7.92066e-005,4.04006e-005)
(4.95719e-005,0.000112659)
(-1.87689e-006,-7.15883e-005)
(-0.000101152,-6.44962e-006)
(-1.80953e-005,1.77652e-006)
(5.78751e-006,6.15386e-005)
(-4.72613e-006,-9.60109e-005)
(-0.000113299,-1.07664e-005)
(-2.74825e-005,5.14554e-006)
(1.19901e-005,6.73297e-005)
(-1.09558e-005,-0.000124777)
(-0.000127792,-1.64387e-005)
(-4.09092e-005,1.15592e-005)
(1.96671e-005,7.48263e-005)
(-4.79708e-005,-0.0001923)
(-0.000166835,-2.80454e-005)
(-8.65022e-005,4.41218e-005)
(4.25104e-005,0.00010024)
